OpCode	ImagePtPair	Index	Lx	Ly	Rx	Ry
20210826-1-FLASH	0	0	2464.15842	1535.04950	2495.25743	1766.37624
20210826-1-FLASH	1	0	1704.95050	1492.86139	1719.18812	1371.51485
20210826-1-FLASH	2	0	2466.40594	455.44554	2545.79208	204.05941
20210826-1-FLASH	2	1	2734.92079	438.41584	2823.41584	188.61386
20210826-1-FLASH	3	0	1728.55446	1489.72277	1736.48515	1380.32673
20210826-1-FLASH	4	0	2300.19802	2024.55446	2428.51485	2150.49505
20210826-1-FLASH	5	0	2594.85149	1064.55446	2635.24752	1069.30693
20210826-1-FLASH	6	0	2598.32673	1525.32673	2612.32673	1378.73267
20210826-1-FLASH	7	0	2536.52475	965.61386	2598.67327	655.43564
20210826-1-FLASH	7	1	2634.34653	966.00990	2692.93069	664.14851
20210826-1-FLASH	8	0	2981.68317	339.44554	3083.77228	273.99010
20210826-1-FLASH	8	1	2660.49505	447.96040	2752.38614	366.32673
20210826-1-FLASH	9	0	2176.07921	816.27723	2269.32673	502.80198
20210826-1-FLASH	9	1	2016.07921	825.78218	2125.16832	502.80198
20210826-1-FLASH	10	0	3262.45831	956.63337	3290.92032	693.71460
20210826-1-FLASH	10	1	3379.86411	919.88255	3410.69796	671.18990
20210826-1-FLASH	11	0	3683.16832	708.21782	3738.21782	581.02970
20210826-1-FLASH	12	0	2531.06931	1554.34653	2551.27723	1432.69307
20210826-1-FLASH	12	1	2416.61386	1572.16832	2438.80198	1467.14851
20210826-1-FLASH	13	0	2945.21782	1458.79208	2959.06931	1380.87129
20210826-1-FLASH	13	1	2818.88119	1485.32673	2832.73267	1414.13861
20210826-1-FLASH	14	0	2592.34653	1295.22772	2574.48515	1203.94059
20210826-1-FLASH	14	1	2683.03960	1286.91089	2663.59406	1170.27723
20210826-1-FLASH	15	0	2396.95050	1399.58416	2391.90099	1319.78218
20210826-1-FLASH	15	1	2493.98020	1410.67327	2489.32673	1318.99010
20210826-1-FLASH	16	0	2685.52475	1336.42574	2675.61386	1206.01980
20210826-1-FLASH	16	1	2781.76238	1326.92079	2778.18812	1187.80198
20210826-1-FLASH	17	0	2399.55446	1453.51485	2416.86139	1483.08911
20210826-1-FLASH	17	1	2277.17822	1455.89109	2300.02970	1506.85149
20210826-1-FLASH	18	0	2195.00000	1699.06931	2258.58416	1632.85149
20210826-1-FLASH	19	0	2314.26733	1463.29703	2336.43564	1518.21782
20210826-1-FLASH	19	1	2195.05941	1427.25743	2212.07921	1513.46535
20210826-1-FLASH	20	0	2501.52475	1380.17822	2497.42574	1385.34653
20210826-1-FLASH	21	0	2380.33663	1346.11881	2355.71287	1176.69307
20210826-1-FLASH	22	0	3106.47525	698.78218	3160.64356	670.09901
20210826-1-FLASH	22	1	3237.85149	600.99010	3300.84158	617.42574
20210826-1-FLASH	23	0	2129.10891	1615.45545	2168.81188	1497.63366
20210826-1-FLASH	24	0	2854.34653	1947.38614	2922.80198	2064.55446
20210826-1-FLASH	24	1	2804.04950	1979.06931	2882.00990	2080.39604
20210826-1-FLASH	25	0	937.46535	1414.50495	944.08911	1648.43564
20210826-1-FLASH	25	1	866.97030	1403.41584	868.44554	1623.88119
20210826-1-FLASH	26	0	1101.50495	1473.82178	1107.32673	1697.92079
20210826-1-FLASH	26	1	1138.73267	1483.72277	1156.03960	1707.02970
20210826-1-FLASH	27	0	1776.63366	805.45545	1888.96040	651.55446
20210826-1-FLASH	28	0	630.77228	416.11881	749.64356	312.96040
20210826-1-FLASH	28	1	244.63366	302.85149	375.38614	198.10891
20210826-1-FLASH	29	0	1800.12871	1212.46535	1822.50495	1229.88119
20210826-1-FLASH	29	1	1652.00990	1163.75248	1670.82178	1168.49505
20210826-1-FLASH	30	0	578.22772	702.82178	689.08911	536.57426
20210826-1-FLASH	30	1	443.17822	649.35644	554.43564	479.94059
20210826-1-FLASH	31	0	2065.08586	1509.26235	2088.20136	1446.35236
20210826-1-FLASH	31	1	2193.16492	1502.14929	2207.97900	1422.64215
20210826-1-FLASH	32	0	1442.45545	908.54455	1526.63366	699.95050
20210826-1-FLASH	33	0	1586.62376	794.21782	1689.36634	601.60396
20210826-1-FLASH	34	0	3237.48515	1570.83168	3266.90099	1474.16832
20210826-1-FLASH	34	1	3417.68317	1553.40594	3449.07921	1437.73267
20210826-1-FLASH	35	0	3762.37624	1545.24752	3804.35644	1476.21782
20210826-1-FLASH	35	1	3552.47525	1563.06931	3585.74257	1470.27723
20210826-1-FLASH	36	0	1068.67327	1341.24752	1068.65347	1478.64356
20210826-1-FLASH	36	1	833.82178	1311.54455	833.80198	1443.39604
20210826-1-FLASH	37	0	999.18812	1354.62376	988.54455	1278.46535
20210826-1-FLASH	38	0	943.82178	509.44554	1066.98020	315.95050
20210826-1-FLASH	39	0	392.53860	1272.26235	374.74985	1230.47969
20210826-1-FLASH	39	1	235.99753	1236.69704	201.60593	1187.80132
20210826-1-FLASH	40	0	1083.82178	1308.68317	1088.99010	1281.89109
20210826-1-FLASH	40	1	1245.80198	1307.89109	1253.74257	1293.77228
20210826-1-FLASH	41	0	1372.11881	1191.00000	1385.33663	1177.95050
20210826-1-FLASH	41	1	1579.24752	1198.92079	1601.17822	1175.57426
20210826-1-FLASH	42	0	1367.92079	561.25743	1486.42574	497.22772
20210826-1-FLASH	42	1	1596.43564	535.51485	1710.18812	485.74257
20210826-1-FLASH	43	0	2909.18812	484.36634	2999.53465	204.62376
20210826-1-FLASH	43	1	2816.91089	481.59406	2899.73267	195.91089
20210826-1-FLASH	44	0	2058.56436	1521.36634	2086.12871	1459.11881
20210826-1-FLASH	45	0	1912.75248	2025.34653	1867.72277	2150.49505
20210826-1-FLASH	46	0	3546.86139	565.33663	3636.83168	438.94059
20210826-1-FLASH	46	1	3365.07921	591.07921	3451.88119	442.10891
20210826-1-FLASH	47	0	916.93069	462.24752	1037.96040	365.28713
20210826-1-FLASH	47	1	1107.02970	462.24752	1227.26733	378.35644
20210826-1-FLASH	48	0	1582.57426	670.09901	1687.34653	576.26733
20210826-1-FLASH	49	0	854.80198	513.46535	969.40594	395.92079
20210826-1-FLASH	49	1	1031.03960	494.45545	1143.26733	385.22772
20210826-1-FLASH	50	0	2317.65347	1895.30693	2428.02970	2059.80198
20210826-1-FLASH	50	1	2270.52475	1922.23762	2384.86139	2093.46535
20210826-1-FLASH	51	0	3319.60396	1820.19802	3340.99010	2150.49505
20210826-1-FLASH	52	0	3714.05941	1140.59406	3763.96040	1102.57426
20210826-1-FLASH	53	0	1091.37624	1428.98020	1088.60396	1382.32673
20210826-1-FLASH	53	1	1191.97030	1407.59406	1190.38614	1356.98020
20210826-1-FLASH	54	0	1188.37624	1177.53465	1188.33663	1174.21782
20210826-1-FLASH	54	1	1360.25743	1168.02970	1369.72277	1167.88119
20210826-1-FLASH	55	0	637.59406	1527.99010	626.41584	1447.84158
20210826-1-FLASH	55	1	684.72277	1583.03960	675.92079	1502.09901
20210826-1-FLASH	56	0	3653.06931	1753.82178	3704.55446	1468.49505
20210826-1-FLASH	57	0	313.24752	1369.22772	288.68317	1373.62376
20210826-1-FLASH	57	1	399.98020	1265.86139	371.85149	1256.79208
20210826-1-FLASH	58	0	363.54455	1601.86139	363.16832	1606.19802
20210826-1-FLASH	59	0	2206.23762	1406.33663	2185.63366	1274.91089
20210826-1-FLASH	60	0	2714.14851	279.78218	2790.36634	53.06931
20210826-1-FLASH	60	1	2894.74257	252.05941	2986.00990	49.90099
20210826-1-FLASH	61	0	66.13861	416.10891	212.51485	240.76238
20210826-1-FLASH	61	1	280.00000	452.14851	408.55446	276.80198
20210826-1-FLASH	62	0	1650.67327	415.71287	1826.26733	260.76238
20210826-1-FLASH	63	0	2038.81188	1119.20792	1955.64356	1090.69307
20210826-1-FLASH	64	0	3012.11881	1548.54455	3031.48515	1300.10891
20210826-2-FLASH	0	0	3478.53465	1550.77228	3526.21782	1342.20792
20210826-2-FLASH	0	1	3215.96040	1557.50495	3237.50495	1385.37624
20210826-2-FLASH	1	0	2708.43564	1507.76238	2719.29703	1452.94059
20210826-2-FLASH	1	1	2960.71287	1520.83168	2975.93069	1401.85149
20210826-2-FLASH	2	0	2073.50495	1231.36634	2038.53465	1243.68317
20210826-2-FLASH	2	1	2400.67327	1296.67327	2379.92079	1231.80198
20210826-2-FLASH	3	0	2518.27723	1628.37624	2555.46535	1668.39604
20210826-2-FLASH	3	1	2883.02970	1622.83168	2906.75248	1565.82178
20210826-2-FLASH	4	0	2130.37624	1514.36634	2162.73267	1594.23762
20210826-2-FLASH	4	1	2524.83168	1605.45545	2548.07921	1578.00000
20210826-2-FLASH	5	0	1632.96040	233.11881	1846.04950	57.02970
20210826-2-FLASH	5	1	1480.88119	243.81188	1663.47525	48.31683
20210826-2-FLASH	6	0	3080.99010	506.88119	3167.78218	241.80198
20210826-2-FLASH	6	1	2908.31683	496.98020	2991.54455	222.79208
20210826-2-FLASH	7	0	3508.43564	280.86139	3684.35644	11.08911
20210826-2-FLASH	8	0	1536.57426	1400.29703	1546.75248	1309.88119
20210826-2-FLASH	9	0	990.89109	1147.72277	967.12871	1123.96040
20210826-2-FLASH	10	0	3358.48515	518.76238	3439.58416	337.57426
20210826-2-FLASH	10	1	3168.38614	527.47525	3249.08911	336.78218
20210826-2-FLASH	11	0	3079.07921	182.81188	3199.59406	93.06931
20210826-2-FLASH	11	1	2803.83168	255.68317	2914.84158	135.04950
20210826-2-FLASH	12	0	2215.36634	1179.21782	2173.66337	1161.56436
20210826-2-FLASH	12	1	2446.65347	1176.04950	2416.03960	1131.06931
20210826-2-FLASH	13	0	479.49505	1394.20792	460.11881	1326.40594
20210826-2-FLASH	13	1	701.67327	1406.08911	686.25743	1329.17822
20210826-2-FLASH	14	0	1521.95050	1376.50495	1529.34653	1249.18812
20210826-2-FLASH	15	0	1665.74257	1159.60396	1691.88119	1085.94059
20210826-2-FLASH	16	0	2222.10891	1612.40594	2248.81188	1504.45545
20210826-2-FLASH	16	1	2015.77228	1552.20792	2032.97030	1483.86139
20210826-2-FLASH	17	0	508.57426	1263.96040	481.00990	1257.66337
20210826-2-FLASH	17	1	771.94059	1188.31683	747.54455	1164.19802
20210826-2-FLASH	18	0	855.53465	1651.47525	855.23762	1548.83168
20210826-2-FLASH	19	0	3357.01980	1406.47525	3360.04950	1405.81188
20210826-2-FLASH	19	1	3062.36634	1269.84158	3051.13861	1304.82178
20210826-2-FLASH	20	0	1271.16832	260.66337	1426.41584	17.82178
20210826-2-FLASH	21	0	419.34653	332.88119	546.26733	166.73267
20210826-2-FLASH	21	1	267.26733	284.56436	388.24752	126.33663
20210826-2-FLASH	22	0	145.34653	1562.53465	139.80198	1535.37624
20210826-2-FLASH	22	1	78.81188	1483.72277	65.74257	1462.90099
20210826-2-FLASH	23	0	1758.07921	1521.86139	1764.50495	1402.48515
20210826-2-FLASH	24	0	581.16832	1497.88119	572.84158	1531.66337
20210826-2-FLASH	24	1	680.17822	1520.05941	680.16832	1556.61386
20210826-2-FLASH	25	0	157.22772	613.06931	310.09901	529.16832
20210826-2-FLASH	25	1	100.19802	651.88119	259.80198	562.03960
20210826-2-FLASH	26	0	918.89109	1736.31683	925.18812	1738.03960
20210826-2-FLASH	26	1	894.73267	1712.95050	897.86139	1715.46535
20210826-2-FLASH	27	0	57.02970	1670.84158	65.74257	1665.97030
20210826-2-FLASH	28	0	47.12871	656.63366	214.25743	593.97030
20210826-2-FLASH	29	0	1282.37624	105.34653	1440.55446	70.89109
20210826-2-FLASH	29	1	1615.44554	44.35644	1817.98020	21.78218
20210826-2-FLASH	30	0	1265.48515	1202.45545	1270.29703	1125.94059
20210826-2-FLASH	30	1	1046.47525	1238.49505	1037.42574	1171.88119
20210826-2-FLASH	31	0	1105.72277	1265.03960	1097.37624	1127.67327
20210826-2-FLASH	32	0	58.61386	492.77228	188.91089	246.84158
20210826-2-FLASH	33	0	814.53465	1320.63366	805.30693	1362.96040
20210826-2-FLASH	33	1	603.04950	1152.71287	574.41584	1171.27723
20210826-2-FLASH	34	0	1600.82178	1176.99010	1615.25743	1395.09901
20210826-2-FLASH	34	1	1043.80198	1273.17822	1044.72277	1426.92079
20210826-2-FLASH	35	0	1629.35644	476.83168	1788.53465	489.22772
20210826-2-FLASH	35	1	1305.67327	374.94059	1464.57426	368.83168
20210826-2-FLASH	36	0	1718.02970	292.72277	1908.05941	372.40594
20210826-2-FLASH	36	1	1399.22772	111.68317	1591.77228	115.64356
20210826-2-FLASH	37	0	2158.18812	258.21782	2234.83168	153.66337
20210826-2-FLASH	38	0	2484.62376	143.59406	2568.95050	51.48515
20210826-2-FLASH	38	1	2098.08911	317.45545	2181.99010	226.49505
20210826-2-FLASH	39	0	1443.38614	1552.77228	1442.48515	1853.41584
20210826-2-FLASH	39	1	1648.93069	1438.31683	1644.91089	1740.92079
20210826-2-FLASH	40	0	1381.51485	269.11881	1542.45545	547.14851
20210826-2-FLASH	40	1	1167.25743	194.66337	1321.06931	475.86139
20210826-2-FLASH	41	0	3405.35644	424.78218	3472.47525	601.35644
20210826-2-FLASH	41	1	3675.45545	383.59406	3750.49505	597.39604
20210826-2-FLASH	42	0	3416.45545	398.38614	3485.50495	610.70297
20210826-2-FLASH	42	1	3691.70297	437.19802	3759.16832	650.70297
20210826-2-FLASH	43	0	3144.47525	1393.87129	3155.93069	1127.52475
20210826-2-FLASH	43	1	3305.66337	1468.32673	3330.98020	1186.13861
20210826-2-FLASH	44	0	2067.49505	1204.44554	1997.55446	1083.13861
20210826-2-FLASH	45	0	572.70297	331.54455	688.80198	165.94059
20210826-2-FLASH	45	1	466.16832	397.28713	582.66337	219.00990
20210826-2-FLASH	46	0	963.00000	297.46535	1086.86139	148.51485
20210826-2-FLASH	46	1	1154.68317	321.62376	1289.23762	191.68317
20210826-2-FLASH	47	0	1582.17822	297.88119	1773.44554	168.31683
20210826-2-FLASH	47	1	1421.78218	356.09901	1584.53465	213.86139
20210826-2-FLASH	48	0	3248.13861	447.89109	3338.56436	297.64356
20210826-2-FLASH	48	1	3032.69307	443.53465	3131.03960	269.52475
20210826-2-FLASH	49	0	2378.78752	1645.48847	2406.28042	1561.42481
20210826-2-FLASH	49	1	2235.29154	1633.63337	2274.64361	1564.98134
20210826-2-FLASH	50	0	1422.29703	299.03960	1591.97030	143.76238
20210826-2-FLASH	50	1	1582.69307	234.88119	1791.57426	74.45545
20210826-2-FLASH	51	0	2098.42574	693.04950	2185.92079	436.18812
20210826-2-FLASH	51	1	1951.89109	692.65347	2056.01980	425.49505
20210826-2-FLASH	52	0	453.30535	358.65672	568.14271	132.98507
20210826-2-FLASH	53	0	2069.58132	569.86567	2146.52256	253.88060
20210826-2-FLASH	54	0	1173.90099	728.81188	1275.15842	675.74257
20210826-2-FLASH	54	1	1479.24752	726.03960	1570.20792	712.17822
20210826-2-FLASH	55	0	78.41584	54.65347	182.97030	16.63366
20210826-2-FLASH	56	0	2593.94059	1453.06931	2608.48515	1388.11881
20210826-2-FLASH	56	1	2829.18812	1449.10891	2846.90099	1351.68317
20210826-2-FLASH	57	0	2912.99010	1524.87129	2924.30693	1508.35644
20210826-2-FLASH	57	1	3325.66337	1500.71287	3354.80198	1448.55446
20210826-2-FLASH	58	0	2912.34653	1464.07921	2921.01980	1399.43564
20210826-2-FLASH	58	1	3193.93069	1482.29703	3219.63366	1408.94059
20210826-2-FLASH	59	0	1723.48610	1240.47969	1742.25510	1304.56092
20210826-2-FLASH	59	1	1581.17603	1299.75521	1597.57319	1329.45664
20210826-2-FLASH	60	0	544.33601	330.75741	656.99815	143.44676
20210826-2-FLASH	60	1	457.76405	326.01537	571.61211	137.51921
20210826-2-FLASH	61	0	480.29648	212.20637	601.26004	20.15368
20210826-2-FLASH	61	1	383.05127	214.57739	498.08524	24.89572
20210826-2-FLASH	62	0	436.41754	386.47640	553.82335	207.46432
20210826-2-FLASH	62	1	335.61458	417.29967	448.27671	237.10209
20210826-2-FLASH	63	0	747.12786	261.99780	864.53366	72.31614
20210826-2-FLASH	63	1	654.62631	253.69923	772.03212	65.20307
20210826-2-FLASH	64	0	690.20383	326.01537	804.05188	137.51921
20210826-2-FLASH	64	1	603.63187	346.16905	716.29401	161.22942
20210826-2-FLASH	65	0	192.11859	177.82656	347.47375	208.64984
20210826-2-FLASH	65	1	66.41137	163.60044	225.32427	219.31943
20210826-2-FLASH	66	0	509.94441	107.88145	622.60655	3.55653
20210826-2-FLASH	67	0	578.72761	52.16246	711.55034	4.74204
20210826-2-FLASH	68	0	371.59077	129.95522	484.24239	10.07463
20210826-2-FLASH	69	0	506.57503	152.79104	618.41028	12.76119
20210826-2-FLASH	70	0	655.66212	141.37313	774.94439	10.07463
20210826-2-FLASH	71	0	823.02656	231.17453	951.10562	59.27552
20210826-2-FLASH	71	1	731.71093	221.69045	849.11674	36.75082
20210826-2-FLASH	72	0	238.36936	393.58946	361.70476	208.64984
20210826-2-FLASH	72	1	132.82273	403.07355	251.41445	218.13392
20210826-2-FLASH	73	0	1643.39604	241.26733	1845.24752	202.98020
20210826-2-FLASH	73	1	1514.68317	283.64356	1690.79208	222.78218
20210826-2-FLASH	74	0	2270.47525	195.86139	2337.12871	11.08911
20210826-2-FLASH	74	1	2078.39604	210.51485	2139.10891	24.15842
20210826-2-FLASH	75	0	3473.22772	305.09901	3614.25743	148.11881
20210826-2-FLASH	75	1	3325.10891	295.59406	3441.98020	130.69307
20210826-2-FLASH	76	0	3181.38614	271.60396	3286.30693	241.01980
20210826-2-FLASH	76	1	3001.98020	243.48515	3098.18812	220.02970
20210826-2-FLASH	77	0	1197.28713	176.63366	1355.89109	98.21782
20210826-2-FLASH	77	1	1063.42574	235.64356	1209.35644	150.49505
20210826-2-FLASH	78	0	1524.15842	1277.84158	1534.84158	1307.49505
20210826-2-FLASH	78	1	1672.27723	1210.11881	1686.92079	1251.25743
20210826-2-FLASH	79	0	1157.19802	1235.35644	1159.81188	1247.16832
20210826-2-FLASH	79	1	1292.64356	1253.17822	1294.46535	1261.42574
20210826-2-FLASH	80	0	831.32798	1236.74643	813.53922	1215.37541
20210826-2-FLASH	80	1	920.27177	1223.70582	902.48301	1195.22173
20210826-2-FLASH	81	0	533.40594	218.32673	639.20792	121.18812
20210826-2-FLASH	82	0	135.44554	368.31683	266.78218	278.99010
20210826-2-FLASH	83	0	1128.69307	1337.02970	1122.28713	1323.37624
20210826-2-FLASH	83	1	1228.89109	1336.23762	1225.65347	1311.89109
20210826-2-FLASH	84	0	1279.06931	372.53465	1422.38614	293.81188
20210826-2-FLASH	84	1	1148.77228	404.21782	1281.79208	314.00990
20210826-2-FLASH	85	0	871.64356	182.17822	1013.33663	157.22772
20210826-2-FLASH	85	1	715.60396	176.63366	853.33663	146.13861
20210826-2-FLASH	86	0	1294.83168	497.20792	1421.34653	415.82178
20210826-2-FLASH	86	1	1178.00000	543.54455	1298.57426	449.48515
20210826-2-FLASH	87	0	744.97030	1308.26733	733.83168	1324.22772
20210826-2-FLASH	87	1	860.61386	1320.54455	851.05941	1342.44554
20210826-2-FLASH	88	0	912.75248	525.36634	1029.00000	365.73267
20210826-2-FLASH	88	1	982.05941	486.55446	1100.28713	326.12871
20210826-2-FLASH	89	0	1023.91970	49.79144	1178.59296	3.55653
20210826-2-FLASH	89	1	866.19271	91.28430	1000.70537	45.04940
20210826-2-FLASH	90	0	410.60396	117.22772	528.64356	181.50495
20210826-2-FLASH	90	1	630.00990	146.53465	748.84158	173.18812
20210826-2-FLASH	91	0	1341.66337	172.67327	1510.77228	131.48515
20210826-2-FLASH	91	1	1197.90099	178.61386	1358.69307	161.18812
20210826-2-FLASH	92	0	338.58416	322.90099	456.28713	121.02970
20210826-2-FLASH	92	1	181.35644	324.48515	299.85149	121.82178
20210826-2-FLASH	93	0	137.02970	1382.40594	117.99010	1455.71287
20210826-2-FLASH	93	1	352.87129	1389.13861	334.22772	1440.66337
20210826-2-FLASH	94	0	964.07921	1434.69307	957.85149	1441.15842
20210826-2-FLASH	94	1	1099.12871	1427.96040	1094.48515	1421.75248
20210826-2-FLASH	95	0	1239.11881	491.96040	1362.83168	313.32673
20210826-2-FLASH	95	1	1108.02970	502.65347	1219.06931	322.43564
20210826-2-FLASH	96	0	1440.43564	583.52475	1561.61386	436.72277
20210826-2-FLASH	96	1	1608.75248	575.60396	1733.89109	438.30693
20210826-2-FLASH	97	0	1608.25743	803.46535	1703.71287	696.23762
20210826-2-FLASH	97	1	1492.61386	775.74257	1596.78218	659.40594
20210826-2-FLASH	98	0	1490.26733	626.90099	1610.71287	474.72277
20210826-2-FLASH	99	0	1662.54455	558.38614	1808.33663	414.12871
20210826-2-FLASH	100	0	933.86139	722.37624	1036.23762	562.67327
20210826-2-FLASH	101	0	1342.95059	1426.29418	1342.29710	1338.85950
20210826-2-FLASH	101	1	1506.60716	1432.22173	1508.32551	1345.97256
20210826-2-FLASH	102	0	1815.94059	1533.55446	1813.02970	1525.21782
20210826-2-FLASH	102	1	1681.68317	1534.74257	1684.71287	1514.52475
20210826-2-FLASH	103	0	1852.50495	1462.68317	1863.74257	1398.28713
20210826-2-FLASH	103	1	1724.98020	1446.04950	1735.82178	1385.61386
20210826-2-FLASH	104	0	1536.60396	1375.03960	1543.16832	1356.13861
20210826-2-FLASH	104	1	1745.71287	1368.70297	1757.82178	1365.64356
20210826-2-FLASH	105	0	763.56436	1335.84158	751.73267	1340.35644
20210826-2-FLASH	105	1	625.74257	1337.82178	615.49505	1336.00000
20210826-2-FLASH	106	0	1496.61386	1495.00000	1499.78218	1503.18812
20210826-2-FLASH	106	1	1380.97030	1458.56436	1384.53465	1466.35644
20210826-3-FLASH	0	0	1262.87129	1266.74257	1262.25743	1139.54455
20210826-3-FLASH	0	1	1417.32673	1248.92079	1429.78218	1120.53465
20210826-3-FLASH	1	0	2529.98020	531.52475	2598.22772	253.01980
20210826-3-FLASH	1	1	3046.94059	513.71287	3127.54455	260.14851
20210826-3-FLASH	2	0	2481.03960	1058.29703	2574.05941	1046.65347
20210826-3-FLASH	3	0	3154.12871	1490.78218	3169.10891	1281.63366
20210826-3-FLASH	3	1	3019.87129	1403.25743	3018.21782	1219.05941
20210826-3-FLASH	4	0	2836.73267	1407.49505	2831.65347	1273.20792
20210826-3-FLASH	4	1	2662.07921	1331.45545	2646.70297	1219.74257
20210826-3-FLASH	5	0	466.23762	341.51485	578.15842	169.90099
20210826-3-FLASH	5	1	640.09901	291.61386	761.52475	118.41584
20210826-3-FLASH	6	0	313.61386	1560.80198	311.05941	1534.45545
20210826-3-FLASH	6	1	461.33663	1585.75248	458.78218	1558.21782
20210826-3-FLASH	7	0	712.41584	1593.54455	708.83168	1547.89109
20210826-3-FLASH	7	1	934.99010	1583.64356	929.82178	1536.40594
20210826-3-FLASH	8	0	3628.51485	1391.69307	3697.42574	1095.34653
20210826-3-FLASH	9	0	2950.09901	417.02970	3048.71287	110.49505
20210826-3-FLASH	9	1	2630.49505	418.21782	2711.28713	95.04950
20210826-3-FLASH	10	0	3684.75248	1914.57426	3744.95050	1633.37624
20210826-3-FLASH	10	1	3535.84158	1888.03960	3584.55446	1625.05941
20210826-3-FLASH	11	0	2497.31683	426.12871	2564.20792	96.23762
20210826-3-FLASH	12	0	1126.44554	1378.17822	1115.92079	1315.79208
20210826-3-FLASH	12	1	651.99010	1573.42574	651.42574	1562.84158
20210826-3-FLASH	13	0	3630.47219	1422.08955	3675.46695	1200.85075
20210826-3-FLASH	13	1	3546.52676	1367.01493	3588.16369	1140.40299
20210826-3-FLASH	14	0	3221.98020	1656.38614	3242.67327	1554.09901
20210826-3-FLASH	14	1	3328.51485	1580.74257	3348.81188	1478.05941
20210826-3-FLASH	15	0	3349.69307	1670.59406	3376.63366	1610.04950
20210826-3-FLASH	15	1	3516.82178	1621.88119	3548.91089	1552.62376
20210826-3-FLASH	16	0	1615.00000	473.22772	1770.29703	306.85149
20210826-3-FLASH	17	0	416.12871	1575.24752	415.04950	1510.12871
20210826-3-FLASH	17	1	541.67327	1553.86139	533.46535	1482.00990
20210826-3-FLASH	18	0	438.84158	1568.47525	425.63366	1513.74257
20210826-3-FLASH	18	1	569.13861	1559.36634	569.00000	1503.44554
20210826-3-FLASH	19	0	569.12067	1540.68657	568.36516	1479.64179
20210826-3-FLASH	19	1	446.89612	1564.19403	442.78279	1509.86567
20210826-3-FLASH	20	0	1047.61386	544.71287	1154.71287	421.13861
20210826-3-FLASH	20	1	947.01980	534.01980	1050.95050	402.92079
20210826-3-FLASH	21	0	353.66337	551.48515	482.69307	468.77228
20210826-3-FLASH	21	1	189.30693	519.00990	350.81188	448.17822
20210826-3-FLASH	22	0	404.73267	1563.05941	399.86139	1525.62376
20210826-3-FLASH	22	1	581.36634	1570.18812	573.72277	1528.79208
20210826-3-FLASH	23	0	886.53465	1461.95050	866.05941	1392.18812
20210826-3-FLASH	23	1	1359.27723	1475.50495	1352.42574	1380.70297
20210826-3-FLASH	24	0	1177.19802	387.00000	1307.88119	196.81188
20210826-3-FLASH	24	1	711.05941	479.67327	822.84158	272.00000
20210826-3-FLASH	25	0	778.99010	2049.90099	798.41584	2136.23762
20210826-3-FLASH	26	0	1524.95050	1254.72277	1536.92079	1291.40594
20210826-3-FLASH	26	1	1765.74257	1244.42574	1787.61386	1269.22772
20210826-3-FLASH	27	0	3283.96040	1733.98020	3329.90099	1643.98020
20210826-3-FLASH	27	1	3677.62376	1609.62376	3729.50495	1485.56436
20210826-3-FLASH	28	0	3252.27723	1712.12871	3282.46535	1464.74257
20210826-3-FLASH	28	1	3140.99010	1705.79208	3169.99010	1470.28713
20210826-3-FLASH	29	0	288.61386	475.63366	425.87129	626.01980
20210826-3-FLASH	29	1	936.29703	408.44554	1054.05941	507.51485
20210826-3-FLASH	30	0	578.69307	527.17822	705.03960	746.46535
20210826-3-FLASH	30	1	1107.00990	565.19802	1222.15842	658.63366
20210826-3-FLASH	31	0	1110.98020	1444.54455	1127.06931	1602.53465
20210826-3-FLASH	31	1	1717.33663	1315.00000	1747.30693	1494.34653
20210826-3-FLASH	32	0	387.71287	1199.84158	360.16832	1242.96040
20210826-3-FLASH	32	1	669.69307	1147.56436	651.25743	1212.46535
20210826-3-FLASH	33	0	1133.79208	1324.25743	1145.29703	1426.90099
20210826-3-FLASH	33	1	1586.87129	1309.38614	1612.82178	1468.24752
20210826-3-FLASH	34	0	1011.71287	1452.09901	1024.85149	1600.12871
20210826-3-FLASH	34	1	1483.17822	1439.00990	1489.80198	1647.25743
20210826-3-FLASH	35	0	3346.84158	443.00000	3420.49505	466.14851
20210826-3-FLASH	35	1	2802.74257	461.17822	2878.46535	420.17822
20210826-3-FLASH	36	0	2897.85149	189.82178	2997.11881	179.80198
20210826-3-FLASH	36	1	2298.40594	199.67327	2400.03960	273.74257
20210826-3-FLASH	37	0	2994.67327	180.99010	3094.01980	165.54455
20210826-3-FLASH	37	1	2461.04950	177.66337	2558.89109	250.62376
20210826-3-FLASH	38	0	1524.18812	1270.66337	1540.14851	1170.80198
20210826-3-FLASH	38	1	1714.28713	1235.41584	1744.50495	1136.74257
20210826-3-FLASH	39	0	1611.66337	1178.57426	1627.72277	1097.82178
20210826-3-FLASH	40	0	337.80198	323.61386	454.25743	292.45545
20210826-3-FLASH	40	1	660.97030	361.63366	773.06931	270.67327
20210826-3-FLASH	41	0	177.82178	306.29703	304.54455	294.85149
20210826-3-FLASH	41	1	569.90099	341.14851	674.84158	259.20792
20210826-3-FLASH	42	0	287.27723	1371.38614	274.65347	1418.85149
20210826-3-FLASH	42	1	626.68317	1358.71287	618.81188	1384.39604
20210826-3-FLASH	43	0	3673.66337	1202.37624	3730.69307	1090.69307
20210826-3-FLASH	44	0	611.02970	234.53465	715.75248	113.66337
20210826-3-FLASH	44	1	940.53465	185.42574	1060.70297	72.47525
20210826-3-FLASH	45	0	322.37624	337.98020	441.15842	184.17822
20210826-3-FLASH	45	1	137.42574	310.25743	260.56436	144.97030
20210826-3-FLASH	46	0	2112.69307	144.55446	2157.62376	19.00990
20210826-3-FLASH	47	0	3657.02970	398.56436	3821.78218	169.10891
20210826-3-FLASH	47	1	3432.47525	416.38614	3567.52475	164.35644
20210826-3-FLASH	48	0	3820.19802	1208.13861	3823.36634	1474.51485
20210826-3-FLASH	48	1	3186.01980	1237.94059	3173.58416	1436.55446
20210826-3-FLASH	49	0	1558.23762	792.03960	1646.31683	631.16832
20210826-3-FLASH	50	0	527.54455	1181.35644	484.87129	1083.19802
20210826-3-FLASH	51	0	552.60396	726.85149	656.59406	504.38614
20210826-3-FLASH	51	1	969.63366	747.84158	1067.68317	534.88119
20210826-3-FLASH	52	0	818.65347	1460.20792	814.23762	1382.59406
20210826-3-FLASH	52	1	1292.43564	1417.42574	1284.08911	1332.39604
20210826-3-FLASH	53	0	2095.84158	59.40594	2150.49505	16.63366
20210826-3-FLASH	54	0	1328.25743	165.14851	1489.90099	4.75248
20210826-3-FLASH	55	0	2667.70297	1498.44554	2673.08911	1415.46535
20210826-3-FLASH	55	1	2830.07921	1460.82178	2838.23762	1360.01980
20210826-3-FLASH	56	0	3695.04950	532.44554	3816.23762	312.16832
20210826-3-FLASH	57	0	3327.58416	528.00990	3430.09901	303.05941
20210826-4-FLASH	0	0	2190.89109	1280.79208	2136.23762	1119.20792
20210826-4-FLASH	1	0	1630.43564	543.91089	1742.58416	952.04950
20210826-4-FLASH	1	1	1503.70297	548.26733	1598.02970	925.11881
20210826-4-FLASH	2	0	3560.82178	644.61166	3650.43564	404.15402
20210826-4-FLASH	3	0	1414.71287	320.02970	1549.81188	536.30693
20210826-4-FLASH	4	0	3637.19802	2010.29703	3661.37624	1772.85149
20210826-4-FLASH	4	1	3143.39604	2111.68317	3194.44554	1934.83168
20210826-4-FLASH	5	0	521.42046	1571.21951	511.25577	1511.03548
20210826-4-FLASH	6	0	2929.90099	1497.02970	2939.40594	1323.56436
20210826-4-FLASH	7	0	1088.54585	659.35920	1187.47536	476.55654
20210826-4-FLASH	7	1	694.08546	625.83370	795.81535	426.21508
20210826-4-FLASH	8	0	868.36806	590.56984	975.75983	412.43016
20210826-4-FLASH	8	1	989.74049	584.18404	1095.53525	419.21508
20210826-4-FLASH	9	0	268.91089	751.51485	397.14851	495.28713
20210826-4-FLASH	10	0	3057.99010	416.19802	3156.29703	142.57426
20210826-4-FLASH	11	0	2027.63366	378.07921	2089.57426	73.66337
20210826-4-FLASH	12	0	1067.91641	222.74723	1199.99064	100.17738
20210826-4-FLASH	12	1	926.98066	227.93570	1048.27511	103.37029
20210826-4-FLASH	13	0	160.79208	1451.43564	164.75248	1494.19802
20210826-4-FLASH	14	0	144.55446	1829.02970	196.43564	2102.17822
20210826-4-FLASH	15	0	3433.89109	1776.54455	3473.66337	1610.14851
20210826-4-FLASH	16	0	3553.49505	1833.97030	3592.07921	1690.94059
20210826-4-FLASH	17	0	3495.27723	1776.14851	3532.27723	1629.95050
20210826-4-FLASH	18	0	3657.65347	1831.99010	3695.44554	1682.62376
20210826-4-FLASH	19	0	402.37624	1469.87129	389.68317	1422.78218
20210826-4-FLASH	19	1	255.84158	1524.12871	243.14851	1481.00000
20210826-4-FLASH	20	0	422.97030	1435.24752	399.20792	1363.96040
20210826-4-FLASH	21	0	201.18812	1440.49505	203.16832	1574.70297
20210826-4-FLASH	22	0	168.31683	1469.60396	153.66337	1422.92079
20210826-4-FLASH	22	1	338.61386	1483.46535	322.77228	1426.08911
20210826-4-FLASH	23	0	1261.71287	229.24752	1408.95050	136.63366
20210826-4-FLASH	23	1	1060.12871	234.79208	1194.69307	140.19802
20210826-4-FLASH	24	0	1090.22772	328.25743	1221.22772	174.25743
20210826-4-FLASH	24	1	938.54455	339.74257	1057.26733	189.70297
20210826-4-FLASH	25	0	981.31683	274.39604	1110.33663	138.61386
20210826-4-FLASH	25	1	837.95050	299.34653	964.19802	158.81188
20210826-4-FLASH	26	0	87.52475	1449.18812	68.11881	1424.51485
20210826-4-FLASH	26	1	258.61386	1443.64356	243.16832	1408.27723
20210826-4-FLASH	27	0	508.51485	470.49505	620.19802	308.91089
20210826-4-FLASH	28	0	924.03960	530.35644	1035.32673	415.42574
20210826-4-FLASH	28	1	744.63366	554.91089	857.50495	428.89109
20210826-4-FLASH	29	0	1373.67327	324.42574	1513.30693	240.19802
20210826-4-FLASH	29	1	1165.75248	349.77228	1295.08911	257.22772
20210826-4-FLASH	30	0	1209.72277	280.05941	1342.21782	208.11881
20210826-4-FLASH	30	1	990.71287	345.40594	1111.91089	259.58416
20210826-4-FLASH	31	0	989.92079	261.04950	1119.85149	109.70297
20210826-4-FLASH	31	1	876.25743	317.28713	998.66337	165.94059
20210826-4-FLASH	32	0	376.00990	1489.61386	364.98020	1445.63366
20210826-4-FLASH	32	1	504.72277	1464.66337	492.10891	1412.36634
20210826-4-FLASH	33	0	159.20792	1704.09901	169.10891	1667.03960
20210826-4-FLASH	33	1	329.50495	1677.16832	336.23762	1634.16832
20210826-4-FLASH	34	0	145.74257	1537.19802	139.00990	1502.21782
20210826-4-FLASH	34	1	290.69307	1524.92079	281.18812	1485.98020
20210826-4-FLASH	35	0	888.97030	1372.43564	891.31683	1330.29703
20210826-4-FLASH	35	1	1018.47525	1337.58416	1016.86139	1286.33663
20210826-4-FLASH	36	0	453.57426	1515.03960	447.09901	1480.18812
20210826-4-FLASH	36	1	599.31683	1496.42574	592.04950	1453.25743
20210826-4-FLASH	37	0	309.41584	1454.44554	295.81188	1423.95050
20210826-4-FLASH	37	1	470.20792	1404.54455	453.43564	1357.81188
20210826-4-FLASH	38	0	109.70297	1424.56436	95.44554	1405.28713
20210826-4-FLASH	38	1	262.57426	1383.77228	247.12871	1357.76238
20210826-4-FLASH	39	0	3513.66337	1368.72277	3545.74257	1163.53465
20210826-4-FLASH	39	1	3708.91089	1401.19802	3770.69307	1173.03960
20210826-4-FLASH	40	0	594.75248	1524.83168	599.62376	1534.94059
20210826-4-FLASH	40	1	784.45545	1522.45545	781.40594	1522.26733
20210826-4-FLASH	41	0	1563.46535	1444.30693	1576.78218	1374.65347
20210826-4-FLASH	41	1	1703.26733	1417.37624	1721.73267	1339.80198
20210826-4-FLASH	42	0	850.07921	1507.13861	854.70297	1475.65347
20210826-4-FLASH	42	1	1007.30693	1477.03960	1010.74257	1439.21782
20210826-4-FLASH	43	0	461.93069	1372.78218	451.08911	1348.02970
20210826-4-FLASH	43	1	639.35644	1345.05941	627.32673	1310.80198
20210826-4-FLASH	44	0	49.90099	1383.91089	31.28713	1419.23762
20210826-4-FLASH	44	1	287.12871	1397.77228	276.83168	1419.23762
20210826-4-FLASH	45	0	1344.18812	1297.84158	1356.19802	1238.61386
20210826-4-FLASH	45	1	1461.01980	1291.50495	1472.63366	1222.37624
20210826-4-FLASH	46	0	1482.80198	1384.97030	1495.20792	1330.09901
20210826-4-FLASH	46	1	1624.18812	1377.84158	1635.40594	1317.02970
20210826-4-FLASH	47	0	1557.58416	1314.57426	1576.53465	1275.69307
20210826-4-FLASH	47	1	1755.60396	1262.69307	1783.26733	1222.62376
20210826-4-FLASH	48	0	2340.59406	1542.17822	2357.22772	1416.23762
20210826-4-FLASH	49	0	2341.33663	1587.33663	2367.19802	1560.45545
20210826-4-FLASH	49	1	2150.04950	1558.42574	2175.91089	1563.22772
20210826-4-FLASH	50	0	2569.98020	1777.23762	2616.40594	1714.53465
20210826-4-FLASH	50	1	2424.23762	1751.49505	2473.03960	1709.38614
20210826-4-FLASH	51	0	2588.60396	1699.76238	2623.51485	1609.51485
20210826-4-FLASH	51	1	2452.36634	1655.80198	2482.92079	1596.44554
20210826-4-FLASH	52	0	1136.28713	1605.40594	1141.59406	1671.29703
20210826-4-FLASH	52	1	1238.86139	1602.23762	1240.20792	1659.81188
20210826-4-FLASH	53	0	1216.51485	1652.79208	1216.77228	1635.34653
20210826-4-FLASH	54	0	909.24752	1995.64356	924.76238	2155.64356
20210826-4-FLASH	55	0	1493.49505	1741.26733	1485.14851	1645.27723
20210826-4-FLASH	56	0	2656.77480	1313.73836	2631.56519	1093.76275
20210826-4-FLASH	57	0	2687.52475	720.00000	2754.05941	480.00000
20210826-4-FLASH	58	0	2125.06931	728.82178	2213.30693	392.87129
20210826-4-FLASH	59	0	2696.56893	685.89135	2764.83406	423.78936
20210826-4-FLASH	60	0	2242.19963	749.03104	2327.99064	445.71840
20210826-4-FLASH	61	0	2797.68808	693.22838	2863.69619	439.20177
20210826-4-FLASH	62	0	1960.39604	1542.17822	1998.41584	1551.68317
20210826-4-FLASH	63	0	2045.01980	1592.98020	2111.00000	1666.14851
20210826-4-FLASH	63	1	2351.55446	1618.72277	2400.50495	1630.50495
20210826-4-FLASH	64	0	3379.00990	671.36634	3439.58416	457.78218
20210826-4-FLASH	65	0	3299.69307	1614.93069	3329.07921	1390.65347
20210826-4-FLASH	65	1	3183.25743	1653.74257	3211.85149	1439.76238
20210826-4-FLASH	66	0	3585.74257	1418.61386	3640.39604	1121.58416
20210826-4-FLASH	67	0	3680.79208	1401.98020	3752.07921	1104.95050
20210826-4-FLASH	68	0	1086.04991	274.33925	1220.24392	123.32594
20210826-4-FLASH	68	1	833.32377	218.86253	953.54398	59.86696
20210826-4-FLASH	69	0	3500.19802	396.94059	3647.12871	164.35644
20210826-4-FLASH	70	0	2716.21522	1575.64080	2742.80412	1477.00000
20210826-4-FLASH	70	1	2780.09545	1576.83814	2802.29258	1468.21951
20210826-4-FLASH	71	0	542.01185	411.78936	666.50905	355.99557
20210826-4-FLASH	71	1	287.68871	374.27273	422.56644	331.25055
20210826-4-FLASH	72	0	2575.80474	1580.76718	2604.33874	1517.20177
20210826-4-FLASH	72	1	2709.95321	1562.40798	2731.69994	1475.29490
20210826-4-FLASH	73	0	2955.29757	798.47228	3020.19276	717.81818
20210826-4-FLASH	73	1	3067.88646	800.06874	3121.60262	723.40576
20210826-4-FLASH	74	0	3066.28322	873.07539	3122.54648	787.26386
20210826-4-FLASH	74	1	3169.68933	877.86475	3207.98628	791.65410
20210826-4-FLASH	75	0	3099.75234	916.57428	3135.52776	815.38359
20210826-4-FLASH	75	1	3178.00561	834.35698	3219.37056	748.73171
20210826-4-FLASH	76	0	3584.86722	364.30258	3742.40664	142.80443
20210826-4-FLASH	77	0	3673.11291	460.61863	3794.48534	318.49224
20210826-4-FLASH	78	0	2845.04950	565.59406	2926.08911	261.71287
20210908-3-FLASH	0	0	3616.63366	624.95050	3697.42574	508.51485
20210908-3-FLASH	1	0	3607.12871	620.19802	3685.54455	518.01980
20210908-3-FLASH	2	0	3302.24752	395.36634	3412.26733	176.77228
20210908-4-FLASH	0	0	627.57426	423.80198	756.04950	335.91089
20210908-4-FLASH	0	1	284.81188	414.37624	411.56436	352.98020
20210908-4-FLASH	1	0	3702.17822	230.49505	3747.32673	914.85149
20210908-4-FLASH	2	0	1827.81188	1555.39604	1830.16832	1524.95050
20210908-4-FLASH	2	1	1513.99010	1259.47525	1519.71287	1245.77228
20210908-4-FLASH	3	0	1737.13861	1421.21782	1744.40594	1387.71287
20210908-4-FLASH	3	1	1518.66337	1189.53465	1524.30693	1159.43564
20210908-4-FLASH	4	0	1088.63366	1777.23762	1086.91089	1890.44554
20210908-4-FLASH	4	1	1271.20792	1752.28713	1268.69307	1840.54455
20210908-4-FLASH	5	0	2851.73267	1789.18812	2889.36634	1569.25743
20210908-4-FLASH	6	0	2690.67327	1759.36634	2726.59406	1558.56436
20210908-4-FLASH	7	0	3697.42574	1848.65347	3745.54455	1593.92079
20210908-4-FLASH	8	0	3697.72277	1775.73267	3747.92079	1490.90099
20210908-4-FLASH	9	0	3684.75248	1691.31683	3736.23762	1429.15842
20210908-4-FLASH	10	0	1482.81971	1285.94235	1473.23768	1745.72062
20210908-4-FLASH	10	1	1252.85090	1187.76053	1257.64192	1410.46563
20210908-4-FLASH	11	0	1824.10891	1789.56436	1807.65347	1668.31683
20210908-4-FLASH	12	0	72.47525	1388.12871	35.64356	1299.07921
20210908-4-FLASH	13	0	1960.52676	1126.83582	1930.07345	1354.02985
20210908-4-FLASH	14	0	2739.80198	1093.06931	2694.65347	1095.44554
20210908-4-FLASH	15	0	759.21782	1514.13861	755.15842	1581.30693
20210908-4-FLASH	15	1	636.44554	1418.29703	630.40594	1478.33663
20210908-4-FLASH	16	0	848.94059	1684.15842	847.10891	1682.89109
20210908-4-FLASH	16	1	785.97030	1604.55446	781.36634	1597.34653
20210908-4-FLASH	17	0	3529.50495	301.59406	3628.11881	383.91089
20210908-4-FLASH	17	1	3346.13861	317.83168	3442.37624	278.16832
20210908-4-FLASH	18	0	2383.36634	572.67327	2457.02970	346.93069
20210908-4-FLASH	19	0	2654.51485	170.81188	2742.17822	21.38614
20210908-4-FLASH	20	0	2720.59406	1464.24752	2729.42574	1662.72277
20210908-4-FLASH	20	1	2318.21782	1291.17822	2314.77228	1508.26733
20210908-4-FLASH	21	0	3314.80198	1543.51485	3336.51485	1427.01980
20210908-4-FLASH	21	1	3081.93069	1513.81188	3079.48515	1417.91089
20210908-4-FLASH	22	0	3172.27723	1430.49505	3186.53465	1185.74257
20210908-4-FLASH	23	0	3297.37624	1507.49505	3324.65347	1263.04950
20210908-4-FLASH	23	1	3208.66337	1464.72277	3220.09901	1224.23762
20210908-4-FLASH	24	0	2656.45545	1316.27723	2632.59406	1138.43564
20210908-4-FLASH	24	1	2791.30693	1306.77228	2771.00990	1115.86139
20210908-4-FLASH	25	0	3419.68317	1593.54455	3456.23762	1398.98020
20210908-4-FLASH	25	1	3554.73267	1589.98020	3601.98020	1372.84158
20210908-4-FLASH	26	0	2902.09901	1563.86139	2926.61386	1529.66337
20210908-4-FLASH	26	1	3116.75248	1611.38614	3146.01980	1568.87129
20210908-4-FLASH	27	0	3256.21782	1509.62376	3282.00990	1437.19802
20210908-4-FLASH	27	1	3492.65347	1447.44554	3523.19802	1352.44554
20210908-4-FLASH	28	0	2910.89109	1481.52475	2920.37624	1341.57426
20210908-4-FLASH	28	1	3013.06931	1487.06931	3026.11881	1319.39604
20210908-4-FLASH	29	0	113.89109	1739.44554	147.92079	1861.22772
20210908-4-FLASH	30	0	3645.14851	368.31683	3809.10891	161.58416
20210908-4-FLASH	31	0	1990.67327	1320.97030	1945.35644	1229.11881
20210908-4-FLASH	32	0	2545.80198	1586.40594	2557.94059	1460.52475
20210908-4-FLASH	32	1	2613.52475	1579.27723	2626.85149	1445.07921
20210908-4-FLASH	33	0	2363.72277	1778.61386	2417.54455	1652.42574
20210908-4-FLASH	33	1	2424.31683	1759.60396	2473.38614	1628.66337
20210908-4-FLASH	34	0	2390.15425	1534.38806	2402.00735	1409.91045
20210908-4-FLASH	35	0	2377.33473	1519.25373	2377.33473	1414.47761
20210908-4-FLASH	36	0	464.08911	1263.56436	426.75248	1291.96040
20210908-4-FLASH	36	1	360.32673	1223.96040	318.23762	1256.71287
20210908-4-FLASH	37	0	609.98020	1166.73267	578.43564	1168.29703
20210908-4-FLASH	37	1	541.46535	1209.10891	509.12871	1208.69307
20210908-4-FLASH	38	0	2204.07135	1732.83582	2264.51207	1640.14925
20210908-4-FLASH	39	0	3123.56436	1326.92079	3121.18812	1296.05941
20210908-4-FLASH	39	1	3254.25743	1293.65347	3256.63366	1250.91089
20210908-4-FLASH	40	0	2819.51341	1558.84257	2836.03930	1409.97339
20210908-4-FLASH	40	1	2892.57642	1556.44789	2913.89333	1403.98670
20210908-4-FLASH	41	0	3045.14851	1738.21782	3080.79208	1623.35644
20210908-4-FLASH	41	1	3155.64356	1718.01980	3186.53465	1592.46535
20210908-4-FLASH	42	0	3024.95050	1330.49505	3023.76238	1359.47525
20210908-4-FLASH	42	1	3182.97030	1324.55446	3188.91089	1330.96040
20210908-4-FLASH	43	0	2954.84158	1685.30363	2980.73267	1451.56216
20210908-4-FLASH	44	0	2403.98020	1404.72277	2394.72277	1378.48515
20210908-4-FLASH	44	1	2506.15842	1404.72277	2498.08911	1359.47525
20210908-4-FLASH	45	0	3500.19802	1541.29703	3525.14851	1453.55446
20210908-4-FLASH	45	1	3594.05941	1524.66337	3624.95050	1413.15842
20210908-4-FLASH	46	0	3504.62882	1540.22395	3529.78166	1455.31486
20210908-4-FLASH	46	1	3600.44916	1529.44789	3631.59077	1422.98670
20210908-4-FLASH	47	0	2245.11881	1140.59406	2184.03960	1189.02970
20210908-4-FLASH	47	1	2348.48515	1176.23762	2306.41584	1206.85149
20210908-4-FLASH	48	0	2083.58416	1214.55556	2010.29703	1093.06931
20210908-5-FLASH	0	0	1158.73267	446.89109	1279.04950	275.98020
20210908-5-FLASH	0	1	1301.30693	415.60396	1429.44554	252.11881
20210908-5-FLASH	1	0	2303.31683	1401.68317	2283.14851	1271.19802
20210908-5-FLASH	2	0	3361.12281	371.08524	3486.87719	159.97921
20210908-5-FLASH	2	1	3466.66667	343.01871	3609.26316	132.47401
20210908-5-FLASH	3	0	3479.01754	1730.17464	3522.24561	1493.89605
20210908-5-FLASH	3	1	3609.82456	1738.03326	3656.98246	1490.52807
20210908-5-FLASH	4	0	3479.57895	1449.66528	3512.14035	1208.07069
20210908-5-FLASH	4	1	3301.61404	1444.05198	3319.57895	1224.91060
20210908-5-FLASH	5	0	3167.57895	1483.73181	3183.36842	1246.07069
20210908-5-FLASH	5	1	3056.98246	1429.84407	3062.10526	1200.04158
20210908-5-FLASH	6	0	2331.00990	804.54455	2426.85149	700.52475
20210908-5-FLASH	7	0	1974.65347	201.98020	2036.43564	11.88119
20210908-5-FLASH	8	0	2826.09901	1717.71287	2851.40594	1551.74257
20210908-5-FLASH	8	1	2719.56436	1708.20792	2741.30693	1555.30693
20210908-5-FLASH	9	0	2936.50495	1628.61386	2954.57426	1487.05941
20210908-5-FLASH	9	1	2827.59406	1602.87129	2840.91089	1475.17822
20210908-5-FLASH	10	0	2725.25743	1685.54455	2742.11881	1573.08911
20210908-5-FLASH	10	1	2621.89109	1651.08911	2641.12871	1547.34653
20210908-5-FLASH	11	0	3088.63366	1711.88119	3115.30693	1543.52475
20210908-5-FLASH	11	1	2971.00990	1701.58416	2992.13861	1544.31683
20210908-5-FLASH	12	0	2104.48515	1459.20792	2109.49505	1443.56436
20210908-5-FLASH	12	1	2003.09901	1381.98020	1987.11881	1373.86139
20210908-5-FLASH	13	0	2519.94059	1593.04950	2544.57426	1602.02970
20210908-5-FLASH	13	1	2394.79208	1536.01980	2407.54455	1568.36634
20210908-5-FLASH	14	0	3129.43564	1543.26733	3141.45545	1426.61386
20210908-5-FLASH	14	1	3028.04950	1527.42574	3032.54455	1424.63366
20210908-5-FLASH	15	0	2344.55446	1600.16832	2365.44554	1601.74257
20210908-5-FLASH	15	1	2111.28713	1576.00990	2142.07921	1611.24752
20210908-5-FLASH	16	0	2368.22772	1751.36634	2425.63366	1822.66337
20210908-5-FLASH	16	1	2178.12871	1707.00990	2236.72277	1826.22772
20210908-5-FLASH	17	0	2362.34653	1179.46535	2305.69307	1133.47525
20210908-5-FLASH	17	1	2155.61386	1164.41584	2085.49505	1161.19802
20210908-5-FLASH	18	0	2219.10891	1365.65347	2184.76238	1219.69307
20210908-5-FLASH	19	0	2923.32673	1546.83168	2932.42574	1446.06931
20210908-5-FLASH	19	1	2755.80198	1573.36634	2766.08911	1495.97030
20210908-5-FLASH	20	0	3260.18812	1633.76238	3278.52475	1489.84158
20210908-5-FLASH	20	1	3117.61386	1634.95050	3134.36634	1510.83168
20210908-5-FLASH	21	0	2534.20792	1359.89109	2517.15842	1259.17822
20210908-5-FLASH	21	1	2432.02970	1396.32673	2414.18812	1319.77228
20210908-5-FLASH	22	0	3267.84158	1605.24752	3295.17822	1340.30693
20210908-5-FLASH	23	0	2645.98020	1326.39604	2620.58416	1240.36634
20210908-5-FLASH	23	1	2511.72277	1227.38614	2459.79208	1143.73267
20210908-5-FLASH	24	0	2451.95050	1562.55446	2464.62376	1487.71287
20210908-5-FLASH	24	1	2229.77228	1511.06931	2240.46535	1470.68317
20210908-5-FLASH	25	0	3037.83168	1580.77228	3056.15842	1489.05941
20210908-5-FLASH	25	1	2830.30693	1501.96040	2831.60396	1431.63366
20210908-5-FLASH	26	0	3676.03960	1606.20792	3717.22772	1391.80198
20210908-5-FLASH	26	1	3496.63366	1579.27723	3525.14851	1381.50495
20210908-5-FLASH	27	0	3668.91089	1774.19802	3704.95050	1567.01980
20210908-5-FLASH	27	1	3495.44554	1776.57426	3527.52475	1574.54455
20210908-5-FLASH	28	0	3254.22772	1545.46535	3262.28713	1365.15842
20210908-5-FLASH	28	1	3136.20792	1487.24752	3141.89109	1311.29703
20210908-5-FLASH	29	0	2397.65347	1595.69307	2414.00990	1446.15842
20210908-5-FLASH	30	0	3613.06931	1698.97030	3646.73267	1460.79208
20210908-5-FLASH	31	0	3410.00000	1579.39604	3452.29703	1290.36634
20210908-5-FLASH	32	0	2463.96040	364.24752	2539.20792	95.84158
20210908-5-FLASH	32	1	2553.86139	324.64356	2629.90099	60.59406
20210908-5-FLASH	33	0	1674.92982	560.66112	1810.84211	444.89605
20210908-5-FLASH	33	1	1526.71930	564.59044	1653.64912	428.05613
20210908-5-FLASH	34	0	2643.45545	453.15842	2725.97030	231.38614
20210908-5-FLASH	34	1	2473.95050	444.04950	2549.73267	216.33663
20210908-5-FLASH	35	0	289.12281	665.43867	412.63158	518.00000
20210908-5-FLASH	35	1	438.45614	646.91476	561.96491	516.87734
20210908-5-FLASH	36	0	542.31579	651.96674	651.22807	471.40956
20210908-5-FLASH	36	1	663.57895	640.17879	775.85965	470.28690
20210908-5-FLASH	37	0	1563.36842	571.10395	1689.80702	475.47193
20210908-5-FLASH	37	1	1739.64912	563.24532	1881.80702	487.25988
20210908-5-FLASH	38	0	776.98246	514.17879	884.77193	267.19335
20210908-6-FLASH	0	0	3187.24029	652.83582	3106.65268	523.88060
20210908-6-FLASH	1	0	960.90847	639.20482	1063.84746	463.85542
20210908-6-FLASH	1	1	1039.01017	632.04819	1144.55254	458.65060
20210908-6-FLASH	2	0	2451.94915	302.53012	2525.20339	74.16867
20210908-6-FLASH	2	1	2358.22712	262.19277	2432.13220	14.96386
20210908-6-FLASH	3	0	2531.93559	258.28916	2615.45085	135.97590
20210908-6-FLASH	3	1	2666.01017	141.83133	2759.28814	1.30120
20210908-6-FLASH	4	0	2195.92982	1458.23701	2189.75439	1340.41580
20210908-6-FLASH	4	1	2065.12281	1403.78794	2036.49123	1298.31601
20210908-6-FLASH	5	0	2686.28070	333.00416	2765.40351	40.97713
20210908-6-FLASH	5	1	2612.73684	303.25364	2690.17544	3.36798
20210908-6-FLASH	6	0	2307.21053	1614.05198	2337.00000	1558.87734
20210908-6-FLASH	6	1	2408.26316	1616.29730	2431.31579	1544.28274
20210908-6-FLASH	7	0	2930.52632	96.54886	3042.80702	8.98129
20210908-6-FLASH	8	0	2127.38596	722.40125	2234.22807	546.94802
20210908-6-FLASH	9	0	2397.80702	1310.37838	2383.50877	1433.34304
20210908-6-FLASH	9	1	2031.77193	1303.64241	2037.68421	1550.09979
20210908-6-FLASH	10	0	2605.54386	1643.67568	2663.40351	1743.41996
20210908-6-FLASH	10	1	2821.68421	1620.09979	2849.78947	1654.16840
20210908-6-FLASH	11	0	249.26316	1343.14137	206.03509	1313.78378
20210908-6-FLASH	11	1	111.15789	1300.48025	60.07018	1278.41996
20210908-6-FLASH	12	0	1800.36842	1271.07069	1822.80702	1298.33056
20210908-6-FLASH	12	1	1670.12281	1258.16008	1685.82456	1269.14137
20210908-6-FLASH	13	0	2164.38930	780.62687	2253.12067	442.22388
20210908-6-FLASH	14	0	93.19298	108.89813	239.71930	276.73597
20210908-6-FLASH	14	1	341.89474	195.34304	470.45614	249.79210
20210908-6-FLASH	15	0	1973.36949	205.59036	2033.24746	2.60241
20210908-6-FLASH	16	0	2413.34237	286.26506	2481.03051	5.20482
20210908-6-FLASH	17	0	1814.56271	400.77108	1895.26780	346.12048
20210908-6-FLASH	18	0	757.52632	311.53846	879.40351	354.11850
20210908-6-FLASH	18	1	600.33333	266.63202	717.71930	277.21622
20210908-6-FLASH	19	0	900.49123	1376.38254	922.94737	2002.82744
20210908-6-FLASH	19	1	476.07018	1410.06237	498.52632	1834.42827
20210908-6-FLASH	20	0	1697.35088	287.05613	1911.21053	81.95426
20210908-6-FLASH	20	1	1614.26316	237.65904	1819.14035	33.11850
20210908-6-FLASH	21	0	2161.33333	911.50520	2281.38596	825.68399
20210908-6-FLASH	21	1	2056.35088	909.82121	2197.73684	823.43867
20210908-6-FLASH	22	0	2032.28070	1412.30769	2014.31579	1286.56965
20210908-6-FLASH	23	0	1141.73684	507.91476	1258.80702	285.71726
20210908-6-FLASH	23	1	1228.75439	475.35759	1350.31579	253.16008
20210908-6-FLASH	24	0	2913.31579	492.05198	2996.24561	247.54678
20210908-6-FLASH	24	1	2781.94737	483.63202	2857.57895	242.49480
20210908-6-FLASH	25	0	2733.45614	564.08524	2804.35088	301.96674
20210908-6-FLASH	25	1	2594.22807	568.01455	2678.03509	292.42412
20210908-6-FLASH	26	0	3114.43860	593.14553	3186.19298	390.87734
20210908-6-FLASH	26	1	2976.89474	597.07484	3049.77193	377.40541
20210908-6-FLASH	27	0	586.10526	710.86902	701.17544	615.59459
20210908-6-FLASH	27	1	823.57895	683.36383	919.56140	593.70270
20210908-6-FLASH	28	0	2877.54386	607.45738	2943.63158	397.97713
20210908-6-FLASH	28	1	2715.29825	604.08940	2793.73684	379.45322
20210908-6-FLASH	29	0	1627.86988	632.68657	1760.83945	503.73134
20210908-6-FLASH	30	0	2173.57895	1634.50520	2211.08772	1550.94387
20210908-6-FLASH	30	1	2012.45614	1585.10811	2055.01754	1534.66528
20210908-6-FLASH	31	0	3382.00000	568.36798	3471.71930	348.92931
20210908-6-FLASH	31	1	3275.33333	567.80665	3361.12281	347.80665
20210908-6-FLASH	32	0	2110.89492	1916.02410	2219.59322	1996.04819
20210908-6-FLASH	32	1	2153.20000	1908.21687	2265.80339	1992.79518
20210908-6-FLASH	33	0	1776.95698	2071.34328	1744.72193	2123.73134
20210908-6-FLASH	34	0	2277.05263	514.17879	2333.19298	94.30353
20210908-6-FLASH	35	0	299.38983	1634.31325	275.95932	1512.00000
20210909-1-FLASH	0	0	3376.62120	568.20896	3263.79853	556.11940
20210909-1-FLASH	1	0	2377.33473	572.23881	2457.92235	370.74627
20210909-1-FLASH	1	1	2111.39559	600.44776	2196.01259	390.89552
20210909-1-FLASH	2	0	852.21406	430.68657	981.72823	294.17910
20210909-1-FLASH	2	1	703.12697	416.58209	818.53830	278.05970
20210909-1-FLASH	3	0	3557.94334	1658.28358	3610.32529	1357.70149
