OpCode	ImagePtPair	Index	Lx	Ly	Rx	Ry
20210826-1-FLASH	0	0	3654.64848	560.14925	3557.94334	677.01493
20210826-1-FLASH	1	0	2975.69307	1547.75248	2995.74257	1472.80198
20210826-1-FLASH	1	1	2801.83168	1523.19802	2820.29703	1466.46535
20210826-1-FLASH	2	0	3395.72277	1511.78218	3426.93069	1388.66337
20210826-1-FLASH	2	1	3573.14851	1475.74257	3616.63366	1334.40594
20210826-1-FLASH	3	0	1001.52475	1353.69307	910.63366	1280.16832
20210826-1-FLASH	3	1	919.54455	1351.31683	1009.24752	1275.41584
20210826-1-FLASH	4	0	381.61386	1271.60396	346.93069	1219.00990
20210826-1-FLASH	5	0	1084.15842	1310.26733	1089.82178	1283.76238
20210826-1-FLASH	5	1	1242.57426	1309.47525	1262.89109	1290.09901
20210826-1-FLASH	6	0	1372.11881	1191.00000	1385.33663	1177.95050
20210826-1-FLASH	6	1	1579.24752	1198.92079	1601.17822	1175.57426
20210826-1-FLASH	7	0	3546.86139	565.33663	3636.83168	438.94059
20210826-1-FLASH	7	1	3365.07921	591.07921	3451.88119	442.10891
20210826-1-FLASH	8	0	1164.35644	527.52475	1290.29703	266.13861
20210826-1-FLASH	9	0	1591.35644	542.74257	1751.92079	344.20792
20210826-1-FLASH	10	0	3714.05941	1140.59406	3763.96040	1102.57426
20210826-1-FLASH	11	0	1091.37624	1428.98020	1088.60396	1382.32673
20210826-1-FLASH	11	1	1191.97030	1407.59406	1190.38614	1356.98020
20210826-1-FLASH	12	0	1188.37624	1177.53465	1188.33663	1174.21782
20210826-1-FLASH	12	1	1360.25743	1168.02970	1369.72277	1167.88119
20210826-1-FLASH	13	0	686.83168	1583.48515	676.18812	1503.45545
20210826-1-FLASH	13	1	638.11881	1525.26733	627.87129	1448.00990
20210826-1-FLASH	14	0	3647.12871	1754.52475	3701.78218	1467.16832
20210826-1-FLASH	14	1	3750.09901	1756.10891	3809.90099	1463.60396
20210826-1-FLASH	15	0	313.24752	1369.22772	288.68317	1373.62376
20210826-1-FLASH	15	1	399.98020	1265.86139	371.85149	1256.79208
20210826-1-FLASH	16	0	725.41584	1554.21782	714.89109	1466.34653
20210826-2-FLASH	0	0	3478.53465	1550.77228	3526.21782	1342.20792
20210826-2-FLASH	0	1	3215.96040	1557.50495	3237.50495	1385.37624
20210826-2-FLASH	1	0	2708.43564	1507.76238	2719.29703	1452.94059
20210826-2-FLASH	1	1	2960.71287	1520.83168	2975.93069	1401.85149
20210826-2-FLASH	2	0	2073.50495	1231.36634	2038.53465	1243.68317
20210826-2-FLASH	2	1	2400.67327	1296.67327	2379.92079	1231.80198
20210826-2-FLASH	3	0	2518.27723	1628.37624	2555.46535	1668.39604
20210826-2-FLASH	3	1	2883.02970	1622.83168	2906.75248	1565.82178
20210826-2-FLASH	4	0	2130.37624	1514.36634	2162.73267	1594.23762
20210826-2-FLASH	4	1	2524.83168	1605.45545	2548.07921	1578.00000
20210826-2-FLASH	5	0	1632.96040	233.11881	1846.04950	57.02970
20210826-2-FLASH	5	1	1480.88119	243.81188	1663.47525	48.31683
20210826-2-FLASH	6	0	3080.47525	506.88119	3168.39604	241.25743
20210826-2-FLASH	6	1	2909.78218	494.60396	2991.76238	219.07921
20210826-2-FLASH	7	0	2667.44554	394.21782	2751.30693	25.74257
20210826-2-FLASH	7	1	2762.49505	387.88119	2851.50495	20.19802
20210826-2-FLASH	8	0	3193.66337	358.81188	3287.53465	34.45545
20210826-2-FLASH	9	0	1535.51485	1400.76238	1543.92079	1306.31683
20210826-2-FLASH	9	1	1660.66337	1401.95050	1671.84158	1316.21782
20210826-2-FLASH	10	0	990.89109	1147.72277	967.12871	1123.96040
20210826-2-FLASH	11	0	3358.48515	518.76238	3439.58416	337.57426
20210826-2-FLASH	11	1	3168.38614	527.47525	3249.08911	336.78218
20210826-2-FLASH	12	0	3079.07921	182.81188	3199.59406	93.06931
20210826-2-FLASH	12	1	2803.83168	255.68317	2914.84158	135.04950
20210826-2-FLASH	13	0	2215.36634	1179.21782	2173.66337	1161.56436
20210826-2-FLASH	13	1	2446.65347	1176.04950	2416.03960	1131.06931
20210826-2-FLASH	14	0	479.49505	1394.20792	460.11881	1326.40594
20210826-2-FLASH	14	1	701.67327	1406.08911	686.25743	1329.17822
20210826-2-FLASH	15	0	733.69307	1401.70297	713.28713	1258.91089
20210826-2-FLASH	16	0	1525.10891	1378.88119	1539.28713	1244.97030
20210826-2-FLASH	16	1	1474.81188	1397.89109	1484.23762	1265.56436
20210826-2-FLASH	17	0	1689.50495	1378.21782	1694.25743	1211.88119
20210826-2-FLASH	18	0	2222.10891	1612.40594	2248.81188	1504.45545
20210826-2-FLASH	18	1	2015.77228	1552.20792	2032.97030	1483.86139
20210826-2-FLASH	19	0	508.57426	1263.96040	481.00990	1257.66337
20210826-2-FLASH	19	1	771.94059	1188.31683	747.54455	1164.19802
20210826-2-FLASH	20	0	1028.89109	1484.14851	1018.18812	1355.80198
20210826-2-FLASH	21	0	3357.01980	1406.47525	3360.04950	1405.81188
20210826-2-FLASH	21	1	3062.36634	1269.84158	3051.13861	1304.82178
20210826-2-FLASH	22	0	988.51485	308.91089	1131.08911	49.90099
20210826-2-FLASH	23	0	74.85149	477.83168	189.30693	194.66337
20210826-2-FLASH	24	0	266.13861	310.27723	388.51485	153.26733
20210826-2-FLASH	24	1	37.22772	285.32673	195.24752	138.21782
20210826-2-FLASH	25	0	670.21782	1693.71287	669.18812	1584.27723
20210826-2-FLASH	25	1	726.05941	1701.63366	721.06931	1588.63366
20210826-2-FLASH	26	0	155.24752	1972.88119	181.38614	1867.76238
20210826-2-FLASH	26	1	194.85149	1952.28713	221.78218	1838.45545
20210826-2-FLASH	27	0	36.43564	1461.43564	17.02970	1430.62376
20210826-2-FLASH	27	1	141.78218	1488.36634	123.56436	1448.84158
20210826-2-FLASH	28	0	32.87129	447.22772	150.33663	167.61386
20210826-2-FLASH	29	0	1711.22772	1550.51485	1717.49505	1438.11881
20210826-2-FLASH	29	1	1887.86139	1509.32673	1904.82178	1400.49505
20210826-2-FLASH	30	0	581.16832	1497.88119	572.84158	1531.66337
20210826-2-FLASH	30	1	680.17822	1520.05941	680.16832	1556.61386
20210826-2-FLASH	31	0	1870.09901	1682.37624	1870.09901	1554.05941
20210826-2-FLASH	32	0	157.22772	613.06931	310.09901	529.16832
20210826-2-FLASH	32	1	100.19802	651.88119	259.80198	562.03960
20210826-2-FLASH	33	0	918.89109	1736.31683	925.18812	1738.03960
20210826-2-FLASH	33	1	894.73267	1712.95050	897.86139	1715.46535
20210826-2-FLASH	34	0	57.02970	1670.84158	65.74257	1665.97030
20210826-2-FLASH	35	0	90.29703	443.29703	216.23762	170.29703
20210826-2-FLASH	36	0	1282.37624	105.34653	1440.55446	70.89109
20210826-2-FLASH	36	1	1615.44554	44.35644	1817.98020	21.78218
20210826-2-FLASH	37	0	1265.48515	1202.45545	1270.29703	1125.94059
20210826-2-FLASH	37	1	1046.47525	1238.49505	1037.42574	1171.88119
20210826-2-FLASH	38	0	1356.96040	1271.81188	1356.92079	1119.89109
20210826-2-FLASH	39	0	1150.54455	1269.78218	1169.13861	1263.17822
20210826-2-FLASH	40	0	1401.32673	267.00000	1582.14851	15.04950
20210826-2-FLASH	40	1	1098.35644	335.91089	1237.16832	86.73267
20210826-2-FLASH	41	0	814.53465	1320.63366	805.30693	1362.96040
20210826-2-FLASH	41	1	603.04950	1152.71287	574.41584	1171.27723
20210826-2-FLASH	42	0	1600.82178	1176.99010	1615.25743	1395.09901
20210826-2-FLASH	42	1	1043.80198	1273.17822	1044.72277	1426.92079
20210826-2-FLASH	43	0	1629.35644	476.83168	1788.53465	489.22772
20210826-2-FLASH	43	1	1305.67327	374.94059	1464.57426	368.83168
20210826-2-FLASH	44	0	1718.02970	292.72277	1908.05941	372.40594
20210826-2-FLASH	44	1	1399.22772	111.68317	1591.77228	115.64356
20210826-2-FLASH	45	0	2484.62376	143.59406	2568.95050	51.48515
20210826-2-FLASH	45	1	2098.08911	317.45545	2181.99010	226.49505
20210826-2-FLASH	46	0	1443.38614	1552.77228	1442.48515	1853.41584
20210826-2-FLASH	46	1	1648.93069	1438.31683	1644.91089	1740.92079
20210826-2-FLASH	47	0	1381.51485	269.11881	1542.45545	547.14851
20210826-2-FLASH	47	1	1167.25743	194.66337	1321.06931	475.86139
20210826-2-FLASH	48	0	3405.35644	424.78218	3472.47525	601.35644
20210826-2-FLASH	48	1	3675.45545	383.59406	3750.49505	597.39604
20210826-2-FLASH	49	0	3416.45545	398.38614	3485.50495	610.70297
20210826-2-FLASH	49	1	3691.70297	437.19802	3759.16832	650.70297
20210826-2-FLASH	50	0	3191.79208	1448.93069	3216.04950	1143.21782
20210826-2-FLASH	51	0	399.20792	1484.35644	382.55446	1359.63366
20210826-2-FLASH	51	1	491.88119	1491.48515	472.05941	1367.95050
20210826-2-FLASH	52	0	3306.13861	1468.34653	3331.84158	1186.25743
20210826-2-FLASH	52	1	3144.55446	1394.68317	3164.71287	1124.47525
20210826-2-FLASH	53	0	80.79208	1228.51485	14.25743	1081.18812
20210826-2-FLASH	54	0	2067.49505	1204.44554	1997.55446	1083.13861
20210826-2-FLASH	55	0	2596.05941	553.33663	2663.30693	213.46535
20210826-2-FLASH	55	1	2271.30693	581.05941	2338.95050	218.61386
20210826-2-FLASH	56	0	572.70297	331.54455	688.80198	165.94059
20210826-2-FLASH	56	1	466.16832	397.28713	582.66337	219.00990
20210826-2-FLASH	57	0	963.00000	297.46535	1086.86139	148.51485
20210826-2-FLASH	57	1	1154.68317	321.62376	1289.23762	191.68317
20210826-2-FLASH	58	0	1656.23762	365.94059	1846.33663	137.82178
20210826-2-FLASH	59	0	1582.17822	297.88119	1773.44554	168.31683
20210826-2-FLASH	59	1	1421.78218	356.09901	1584.53465	213.86139
20210826-2-FLASH	60	0	3248.13861	447.89109	3338.56436	297.64356
20210826-2-FLASH	60	1	3032.69307	443.53465	3131.03960	269.52475
20210826-2-FLASH	61	0	2379.94059	1648.05941	2411.40594	1560.00990
20210826-2-FLASH	61	1	2233.40594	1634.19802	2288.23762	1568.32673
20210826-2-FLASH	62	0	1422.29703	299.03960	1591.97030	143.76238
20210826-2-FLASH	62	1	1582.69307	234.88119	1791.57426	74.45545
20210826-2-FLASH	63	0	2098.42574	693.04950	2185.92079	436.18812
20210826-2-FLASH	63	1	1951.89109	692.65347	2056.01980	425.49505
20210826-2-FLASH	64	0	2252.32673	610.69307	2329.05941	292.04950
20210826-2-FLASH	64	1	2091.13861	595.24752	2168.26733	266.30693
20210826-2-FLASH	65	0	237.62376	308.91089	327.92079	71.28713
20210826-2-FLASH	66	0	1173.90099	728.81188	1275.15842	675.74257
20210826-2-FLASH	66	1	1479.24752	726.03960	1570.20792	712.17822
20210826-2-FLASH	67	0	78.41584	54.65347	182.97030	16.63366
20210826-2-FLASH	68	0	2593.94059	1453.06931	2608.48515	1388.11881
20210826-2-FLASH	68	1	2829.18812	1449.10891	2846.90099	1351.68317
20210826-2-FLASH	69	0	2912.99010	1524.87129	2924.30693	1508.35644
20210826-2-FLASH	69	1	3325.66337	1500.71287	3354.80198	1448.55446
20210826-2-FLASH	70	0	2912.34653	1464.07921	2921.01980	1399.43564
20210826-2-FLASH	70	1	3193.93069	1482.29703	3219.63366	1408.94059
20210826-2-FLASH	71	0	1520.79208	1337.82178	1535.04950	1349.70297
20210826-2-FLASH	72	0	834.05941	230.49505	948.11881	59.40594
20210826-2-FLASH	73	0	1643.39604	241.26733	1845.24752	202.98020
20210826-2-FLASH	73	1	1514.68317	283.64356	1690.79208	222.78218
20210826-2-FLASH	74	0	2270.47525	195.86139	2337.12871	11.08911
20210826-2-FLASH	74	1	2078.39604	210.51485	2139.10891	24.15842
20210826-2-FLASH	75	0	3473.22772	305.09901	3614.25743	148.11881
20210826-2-FLASH	75	1	3325.10891	295.59406	3441.98020	130.69307
20210826-2-FLASH	76	0	3181.38614	271.60396	3286.30693	241.01980
20210826-2-FLASH	76	1	3001.98020	243.48515	3098.18812	220.02970
20210826-2-FLASH	77	0	1197.28713	176.63366	1355.89109	98.21782
20210826-2-FLASH	77	1	1063.42574	235.64356	1209.35644	150.49505
20210826-2-FLASH	78	0	1524.15842	1277.84158	1534.84158	1307.49505
20210826-2-FLASH	78	1	1672.27723	1210.11881	1686.92079	1251.25743
20210826-2-FLASH	79	0	1157.19802	1235.35644	1159.81188	1247.16832
20210826-2-FLASH	79	1	1292.64356	1253.17822	1294.46535	1261.42574
20210826-2-FLASH	80	0	533.40594	218.32673	639.20792	121.18812
20210826-2-FLASH	81	0	135.44554	368.31683	266.78218	278.99010
20210826-2-FLASH	82	0	833.48515	1239.96040	813.67327	1215.15842
20210826-2-FLASH	83	0	1128.69307	1337.02970	1122.28713	1323.37624
20210826-2-FLASH	83	1	1228.89109	1336.23762	1225.65347	1311.89109
20210826-2-FLASH	84	0	1279.06931	372.53465	1422.38614	293.81188
20210826-2-FLASH	84	1	1148.77228	404.21782	1281.79208	314.00990
20210826-2-FLASH	85	0	871.64356	182.17822	1013.33663	157.22772
20210826-2-FLASH	85	1	715.60396	176.63366	853.33663	146.13861
20210826-2-FLASH	86	0	1294.83168	497.20792	1421.34653	415.82178
20210826-2-FLASH	86	1	1178.00000	543.54455	1298.57426	449.48515
20210826-2-FLASH	87	0	744.97030	1308.26733	733.83168	1324.22772
20210826-2-FLASH	87	1	860.61386	1320.54455	851.05941	1342.44554
20210826-2-FLASH	88	0	1002.77228	87.92079	1145.34653	42.77228
20210826-2-FLASH	89	0	1259.81188	367.53465	1397.94059	198.68317
20210826-2-FLASH	89	1	1177.83168	397.63366	1308.43564	223.63366
20210826-2-FLASH	90	0	410.60396	117.22772	528.64356	181.50495
20210826-2-FLASH	90	1	630.00990	146.53465	748.84158	173.18812
20210826-2-FLASH	91	0	1341.66337	172.67327	1510.77228	131.48515
20210826-2-FLASH	91	1	1197.90099	178.61386	1358.69307	161.18812
20210826-2-FLASH	92	0	338.58416	322.90099	456.28713	121.02970
20210826-2-FLASH	92	1	181.35644	324.48515	299.85149	121.82178
20210826-2-FLASH	93	0	137.02970	1382.40594	117.99010	1455.71287
20210826-2-FLASH	93	1	352.87129	1389.13861	334.22772	1440.66337
20210826-2-FLASH	94	0	964.07921	1434.69307	957.85149	1441.15842
20210826-2-FLASH	94	1	1099.12871	1427.96040	1094.48515	1421.75248
20210826-2-FLASH	95	0	1239.11881	491.96040	1362.83168	313.32673
20210826-2-FLASH	95	1	1108.02970	502.65347	1219.06931	322.43564
20210826-2-FLASH	96	0	1440.43564	583.52475	1561.61386	436.72277
20210826-2-FLASH	96	1	1608.75248	575.60396	1733.89109	438.30693
20210826-2-FLASH	97	0	1608.25743	803.46535	1703.71287	696.23762
20210826-2-FLASH	97	1	1492.61386	775.74257	1596.78218	659.40594
20210826-2-FLASH	98	0	1490.26733	626.90099	1610.71287	474.72277
20210826-2-FLASH	99	0	1662.54455	558.38614	1808.33663	414.12871
20210826-2-FLASH	100	0	933.86139	722.37624	1036.23762	562.67327
20210826-2-FLASH	101	0	1241.84158	636.17822	1345.18812	510.43564
20210826-2-FLASH	101	1	1142.03960	621.12871	1257.26733	480.33663
20210826-2-FLASH	102	0	1190.49505	1385.34653	1183.36634	1283.16832
20210826-2-FLASH	103	0	1851.00000	1461.45545	1861.68317	1400.24752
20210826-2-FLASH	103	1	1724.26733	1444.82178	1734.15842	1377.67327
20210826-2-FLASH	104	0	1536.60396	1375.03960	1543.16832	1356.13861
20210826-2-FLASH	104	1	1745.71287	1368.70297	1757.82178	1365.64356
20210826-2-FLASH	105	0	763.56436	1335.84158	751.73267	1340.35644
20210826-2-FLASH	105	1	625.74257	1337.82178	615.49505	1336.00000
20210826-2-FLASH	106	0	1496.61386	1495.00000	1499.78218	1503.18812
20210826-2-FLASH	106	1	1380.97030	1458.56436	1384.53465	1466.35644
20210826-2-FLASH	107	0	560.79208	613.06931	660.59406	363.56436
20210826-2-FLASH	108	0	140.19802	677.22772	294.65347	487.12871
20210826-3-FLASH	0	0	3404.82686	540.00000	3352.44491	503.73134
20210826-3-FLASH	1	0	2206.59406	1285.59406	2149.32673	1094.28713
20210826-3-FLASH	1	1	2272.73267	1303.41584	2222.19802	1103.39604
20210826-3-FLASH	2	0	2479.85149	1365.25743	2462.55446	1130.37624
20210826-3-FLASH	3	0	2930.82178	1441.68317	2944.13861	1167.60396
20210826-3-FLASH	4	0	2971.28713	1418.87129	2968.28713	1134.00000
20210826-3-FLASH	5	0	3632.07921	1419.25743	3673.66337	1199.72277
20210826-3-FLASH	5	1	3541.38614	1368.96040	3587.32673	1139.52475
20210826-3-FLASH	6	0	3221.98020	1656.38614	3242.67327	1554.09901
20210826-3-FLASH	6	1	3328.51485	1580.74257	3348.81188	1478.05941
20210826-3-FLASH	7	0	3349.69307	1670.59406	3376.63366	1610.04950
20210826-3-FLASH	7	1	3516.82178	1621.88119	3548.91089	1552.62376
20210826-3-FLASH	8	0	1615.00000	473.22772	1770.29703	306.85149
20210826-3-FLASH	9	0	737.54455	1492.48515	719.60396	1375.31683
20210826-3-FLASH	10	0	416.12871	1575.24752	415.04950	1510.12871
20210826-3-FLASH	10	1	541.67327	1553.86139	533.46535	1482.00990
20210826-3-FLASH	11	0	438.84158	1568.47525	425.63366	1513.74257
20210826-3-FLASH	11	1	569.13861	1559.36634	569.00000	1503.44554
20210826-3-FLASH	12	0	465.19802	1564.26733	459.65347	1508.98020
20210826-3-FLASH	12	1	594.70297	1551.19802	585.59406	1483.23762
20210826-3-FLASH	13	0	1047.61386	544.71287	1154.71287	421.13861
20210826-3-FLASH	13	1	947.01980	534.01980	1050.95050	402.92079
20210826-3-FLASH	14	0	353.66337	551.48515	482.69307	468.77228
20210826-3-FLASH	14	1	189.30693	519.00990	350.81188	448.17822
20210826-3-FLASH	15	0	404.73267	1563.05941	399.86139	1525.62376
20210826-3-FLASH	15	1	581.36634	1570.18812	573.72277	1528.79208
20210826-3-FLASH	16	0	1422.66337	1471.88119	1409.97030	1377.43564
20210826-3-FLASH	16	1	956.74257	1464.90099	936.10891	1399.19802
20210826-4-FLASH	0	0	3497.50262	733.43284	3255.73977	681.04478
20210908-4-FLASH	0	0	3489.44386	564.17910	3400.79748	564.17910
20210908-5-FLASH	0	0	2981.74187	604.47761	2635.21511	636.71642
20210908-6-FLASH	0	0	3187.24029	652.83582	3106.65268	523.88060
20210909-1-FLASH	0	0	3376.62120	568.20896	3263.79853	556.11940
20210909-1-SQUID	0	0	2659.39140	1321.79104	2594.92130	1309.70149
20210909-1-SQUID	1	0	2760.75248	1191.23762	2734.27723	1124.46535
20210909-1-SQUID	1	1	2668.47525	1197.17822	2635.66337	1143.47525
20210909-1-SQUID	2	0	2751.22772	1260.93069	2735.86139	1205.25743
20210909-1-SQUID	2	1	2691.02970	1260.53465	2672.09901	1213.97030
20210909-1-SQUID	3	0	2838.35644	1268.05941	2820.21782	1190.20792
20210909-1-SQUID	3	1	2762.31683	1282.31683	2741.40594	1211.19802
20210909-1-SQUID	4	0	2763.50495	1339.34653	2756.85149	1264.66337
20210909-1-SQUID	4	1	2674.39604	1336.17822	2665.76238	1269.81188
20210909-1-SQUID	5	0	2874.79208	1289.44554	2864.57426	1218.72277
20210909-1-SQUID	5	1	2815.78218	1284.29703	2806.35644	1227.03960
20210909-1-SQUID	6	0	2931.42574	1372.21782	2937.32673	1294.67327
20210909-1-SQUID	6	1	2832.01980	1373.00990	2835.14851	1306.15842
20210909-1-SQUID	7	0	2859.20792	1448.14851	2868.81188	1384.17822
20210909-1-SQUID	7	1	2760.19802	1454.08911	2767.02970	1392.89109
20210909-1-SQUID	8	0	3009.05941	1285.26733	3006.47525	1181.90099
20210909-1-SQUID	8	1	2925.89109	1295.96040	2914.59406	1202.49505
20210909-1-SQUID	9	0	3113.61386	1290.01980	3115.78218	1187.04950
20210909-1-SQUID	9	1	3052.62376	1295.96040	3051.62376	1204.87129
20210909-1-SQUID	10	0	3210.24752	1348.63366	3225.08911	1229.42574
20210909-1-SQUID	10	1	3127.47525	1340.31683	3131.22772	1224.27723
20210909-1-SQUID	11	0	3565.14851	1309.19802	3604.75248	1115.00000
20210909-1-SQUID	11	1	3643.16832	1306.42574	3701.78218	1097.57426
20210909-1-SQUID	12	0	2526.44554	1112.23762	2481.07921	1082.25743
20210909-1-SQUID	12	1	2435.35644	1104.71287	2376.12871	1092.55446
20210909-1-SQUID	13	0	2413.64356	1195.88119	2384.47525	1212.78218
20210909-1-SQUID	13	1	2337.20792	1195.48515	2298.53465	1224.66337
20210909-1-SQUID	14	0	2332.85149	1285.78218	2319.12871	1309.41584
20210909-1-SQUID	14	1	2235.42574	1280.63366	2207.84158	1322.88119
20210909-1-SQUID	15	0	2294.43564	1140.43564	2240.31683	1146.24752
20210909-1-SQUID	15	1	2166.51485	1117.46535	2107.64356	1150.60396
20210909-1-SQUID	16	0	2162.67327	1122.25743	2113.51485	1194.57426
20210909-1-SQUID	16	1	2037.52475	1098.49505	1966.18812	1194.57426
20210909-1-SQUID	17	0	2017.42574	1306.93069	2012.67327	1371.08911
20210909-1-SQUID	18	0	1828.88119	1297.33663	1849.95050	1215.78218
20210909-2-SQUID	0	0	2606.99440	838.67257	2188.82390	962.92035
20210909-2-SQUID	1	0	1570.68323	362.07285	1725.67702	326.23179
20210909-2-SQUID	1	1	1321.04348	357.70199	1458.54658	302.39073
20210909-2-SQUID	2	0	3491.77640	1716.55629	3520.39752	1480.52980
20210909-2-SQUID	3	0	419.99379	1420.84768	421.58385	1578.25828
20210909-2-SQUID	3	1	587.74534	1389.85430	588.14286	1519.84768
20210909-2-SQUID	4	0	396.83168	1399.60396	375.44554	1373.46535
20210909-2-SQUID	5	0	1503.27723	1367.84158	1506.19802	1335.41584
20210909-2-SQUID	5	1	1629.21782	1304.27723	1632.73267	1279.57426
20210909-2-SQUID	6	0	3375.44554	1852.94059	3412.27723	1685.86139
20210909-2-SQUID	6	1	3466.33663	1829.17822	3499.60396	1652.00000
20210909-2-SQUID	7	0	3367.12871	1447.12871	3388.51485	1180.99010
20210909-2-SQUID	8	0	135.44554	546.53465	266.13861	437.22772
20210909-2-SQUID	9	0	1576.23762	1499.08911	1575.77228	1620.53465
20210909-2-SQUID	9	1	1851.88119	1419.48515	1858.54455	1551.62376
20210909-2-SQUID	10	0	3665.94059	1550.47525	3713.46535	1312.03960
20210909-2-SQUID	10	1	3763.36634	1520.17822	3820.99010	1269.26733
20210909-2-SQUID	11	0	3550.96040	1421.77228	3594.65347	1144.33663
20210909-2-SQUID	11	1	3618.68317	1374.84158	3664.75248	1092.05941
20210909-2-SQUID	12	0	3162.77228	1551.68317	3179.40594	1333.06931
20210909-2-SQUID	13	0	786.53465	1608.71287	779.40594	1658.61386
20210909-2-SQUID	14	0	722.10891	1518.39604	723.62376	1560.09901
20210909-2-SQUID	14	1	869.43564	1495.22772	870.35644	1527.42574
20210909-2-SQUID	15	0	1720.39604	1537.42574	1715.64356	1632.47525
20210909-2-SQUID	16	0	3544.24845	1745.16556	3584.79503	1571.12583
20210909-2-SQUID	17	0	3351.05590	1718.94040	3386.83230	1525.82781
20210909-2-SQUID	18	0	2611.88119	1465.52475	2619.80198	1483.00990
20210909-2-SQUID	18	1	2607.12871	1331.26733	2588.91089	1340.43564
20210909-2-SQUID	19	0	3238.81188	1492.27723	3264.95050	1235.64356
20210909-2-SQUID	20	0	2540.48515	1441.08911	2545.24752	1413.77228
20210909-2-SQUID	20	1	2412.76238	1400.09901	2409.80198	1379.31683
20210909-2-SQUID	21	0	1986.53465	1594.45545	2029.30693	1527.92079
20210909-2-SQUID	22	0	3067.72277	1644.35644	3096.23762	1420.99010
20210909-2-SQUID	23	0	2556.83168	1599.20792	2580.59406	1420.99010
20210909-2-SQUID	24	0	1544.45545	1430.42574	1546.93069	1299.80198
20210909-2-SQUID	25	0	1180.01980	1477.79208	1184.36634	1400.39604
20210909-2-SQUID	26	0	1157.58416	598.28713	1278.51485	394.31683
20210909-2-SQUID	27	0	128.31683	468.11881	240.00000	185.34653
20210909-2-SQUID	28	0	66.53465	499.00990	178.21782	216.23762
20210909-2-SQUID	29	0	835.64356	1593.45545	841.66337	1738.20792
20210909-2-SQUID	29	1	860.59406	1615.43564	863.04950	1760.78218
20210909-2-SQUID	30	0	3696.23762	1725.88119	3741.98020	1516.27723
20210909-2-SQUID	30	1	3509.10891	1719.34653	3548.91089	1509.74257
20210909-2-SQUID	31	0	14.85149	501.06931	156.83168	289.54455
20210909-2-SQUID	32	0	2259.11881	681.92079	2342.74257	419.82178
20210909-2-SQUID	32	1	2135.55446	703.30693	2221.55446	430.51485
20210909-2-SQUID	33	0	1534.16832	195.44554	1727.48515	170.49505
20210909-2-SQUID	33	1	1366.04950	117.02970	1544.51485	98.61386
20210909-2-SQUID	34	0	3493.06931	399.20792	3607.12871	144.95050
20210909-3-SQUID	0	0	1359.90099	468.76238	1496.12871	260.09901
20210909-3-SQUID	1	0	757.82178	634.73267	848.31683	399.20792
20210909-3-SQUID	2	0	2442.77228	396.83168	2516.43564	26.13861
20210909-3-SQUID	3	0	2311.60396	1345.26733	2290.69307	1190.49505
20210909-3-SQUID	4	0	3542.97030	254.25743	3730.69307	33.26733
20210909-3-SQUID	5	0	1135.58416	1902.17822	1139.17822	2132.67327
20210909-3-SQUID	5	1	1086.27723	1903.36634	1073.83168	2129.10891
20210909-3-SQUID	6	0	2636.68317	522.77228	2692.60396	199.60396
20210909-3-SQUID	7	0	354.05941	1342.57426	313.66337	1233.26733
20210909-3-SQUID	8	0	192.47525	1660.99010	187.72277	1784.55446
20210909-3-SQUID	9	0	1739.40594	1378.21782	1744.15842	1392.47525
20210909-3-SQUID	10	0	2383.36634	1920.00000	2471.28713	1803.56436
20210909-3-SQUID	11	0	1946.13861	1556.43564	1962.77228	1463.76238
20210909-3-SQUID	12	0	2269.62376	1306.07921	2236.92079	1241.63366
20210909-3-SQUID	12	1	2217.34653	1210.43564	2166.22772	1150.74257
20210909-3-SQUID	13	0	2404.63366	1380.43564	2384.63366	1299.33663
20210909-3-SQUID	13	1	2354.13861	1294.89109	2316.91089	1220.32673
20210909-3-SQUID	14	0	1282.26733	1654.00000	1275.85149	1647.98020
20210909-3-SQUID	15	0	2902.21782	1868.31683	2953.06931	2026.33663
20210909-3-SQUID	15	1	3069.14851	1917.02970	3118.21782	2029.90099
20210909-3-SQUID	16	0	331.48515	1526.16832	347.52475	1656.43564
20210909-3-SQUID	16	1	149.10891	1502.40594	157.42574	1645.14851
20210909-3-SQUID	17	0	3502.57426	1997.82178	3528.71287	1943.76238
20210909-3-SQUID	17	1	3624.35644	1985.34653	3660.59406	1920.59406
20210909-3-SQUID	18	0	2998.64356	770.47525	3053.85149	707.32673
20210909-3-SQUID	18	1	2848.34653	752.05941	2907.71287	667.52475
20210909-3-SQUID	19	0	3050.38614	623.14851	3117.42574	526.58416
20210909-3-SQUID	19	1	3168.00990	599.38614	3231.48515	501.63366
20210909-3-SQUID	20	0	957.75248	516.00990	1075.44554	347.14851
20210909-3-SQUID	20	1	806.86139	504.72277	927.52475	328.13861
20210909-3-SQUID	21	0	1593.16832	1517.01980	1587.32673	1447.12871
20210909-3-SQUID	22	0	1587.22772	1432.66337	1600.54455	1373.07921
20210909-3-SQUID	23	0	1620.59406	1603.46535	1611.02970	1552.40594
20210909-3-SQUID	23	1	1447.12871	1586.23762	1469.04950	1533.99010
20210909-3-SQUID	24	0	1363.96040	1480.39604	1359.20792	1387.72277
20210909-3-SQUID	25	0	1103.85149	1618.67327	1102.14851	1564.94059
20210909-3-SQUID	26	0	1891.48515	674.85149	1917.62376	575.04950
20210909-3-SQUID	27	0	2495.04950	66.53465	2561.58416	16.63366
20210909-3-SQUID	28	0	2098.18812	453.04950	2178.62376	255.44554
20210909-3-SQUID	28	1	2470.06931	326.31683	2546.14851	116.43564
20210909-3-SQUID	29	0	184.15842	626.18812	304.51485	438.95050
20210909-3-SQUID	29	1	381.78218	617.47525	486.29703	406.07921
20210909-3-SQUID	30	0	1541.86139	1317.18812	1552.10891	1383.03960
20210909-3-SQUID	30	1	1310.17822	1239.36634	1329.93069	1324.82178
20210909-3-SQUID	31	0	1174.13861	1169.26733	1173.09901	1150.76238
20210909-3-SQUID	31	1	1352.95050	1138.37624	1356.06931	1124.62376
20210909-3-SQUID	32	0	548.15842	378.25743	648.70297	273.03960
20210909-3-SQUID	33	0	2336.56436	588.16832	2411.85149	245.14851
20210909-3-SQUID	34	0	1518.41584	425.34653	1665.74257	228.11881
20210909-3-SQUID	35	0	1607.40594	409.48515	1772.62376	196.83168
20210909-3-SQUID	36	0	1169.10891	401.58416	1285.54455	251.88119
20210909-3-SQUID	37	0	1340.19802	287.52475	1492.27723	118.81188
20210909-3-SQUID	38	0	1613.46535	242.37624	1813.06931	97.42574
20210909-3-SQUID	39	0	1029.12871	546.76238	1151.15842	453.90099
20210909-3-SQUID	40	0	556.08911	285.14851	653.46535	66.53465
20210909-3-SQUID	41	0	367.72277	349.36634	463.36634	99.80198
20210909-3-SQUID	42	0	316.63366	482.03960	427.12871	317.45545
20210909-3-SQUID	43	0	3500.79208	219.80198	3638.01980	26.13861
20210909-3-SQUID	44	0	1584.02970	1535.98020	1585.71287	1471.50495
20210909-3-SQUID	44	1	1459.27723	1530.03960	1452.64356	1459.62376
20210909-3-SQUID	45	0	2212.95050	885.42574	2327.01980	794.25743
20210909-3-SQUID	45	1	2161.86139	881.46535	2283.85149	783.56436
20210909-3-SQUID	46	0	2875.67327	579.00000	2948.95050	564.94059
20210909-3-SQUID	46	1	2805.57426	607.91089	2878.05941	584.74257
20210909-3-SQUID	47	0	2730.77228	652.15842	2802.71287	364.55446
20210909-3-SQUID	47	1	2779.08911	587.60396	2857.36634	304.35644
20210909-3-SQUID	48	0	2640.00000	736.63366	2716.03960	653.46535
20210909-3-SQUID	49	0	2814.10891	645.94059	2857.04950	570.65347
20210909-3-SQUID	50	0	2664.80198	731.48515	2740.04950	655.17822
20210909-3-SQUID	51	0	2668.32673	620.33663	2744.77228	325.61386
20210909-3-SQUID	51	1	2735.65347	578.35644	2815.66337	280.86139
20210909-3-SQUID	52	0	2488.70297	671.77228	2561.86139	380.38614
20210909-3-SQUID	52	1	2559.59406	625.83168	2632.75248	326.92079
20210909-3-SQUID	53	0	2521.17822	720.08911	2593.54455	425.13861
20210909-3-SQUID	53	1	2576.22772	659.09901	2649.78218	369.69307
20210909-3-SQUID	54	0	2671.44554	622.31683	2752.34653	417.47525
20210909-3-SQUID	54	1	2581.14851	637.36634	2660.86139	420.64356
20210909-3-SQUID	55	0	2773.06931	841.18812	2843.44554	719.58416
20210909-3-SQUID	56	0	2043.76238	477.22772	2114.36634	128.31683
20210909-3-SQUID	56	1	2114.65347	520.39604	2190.40594	181.78218
20210909-3-SQUID	57	0	3015.81188	624.66337	3092.20792	469.72277
20210909-3-SQUID	57	1	2878.38614	599.71287	2953.99010	424.57426
20210909-3-SQUID	58	0	3655.44554	632.22772	3728.31683	554.80198
20210909-3-SQUID	58	1	3487.52475	569.65347	3583.76238	470.84158
20210909-3-SQUID	59	0	2088.39604	376.36634	2147.50495	53.46535
20210909-3-SQUID	59	1	2168.39604	426.66337	2241.36634	111.68317
20210909-3-SQUID	60	0	3261.25743	428.85149	3364.75248	258.13861
20210909-3-SQUID	60	1	3458.88119	483.50495	3562.37624	336.15842
20210909-3-SQUID	61	0	3260.34653	369.66337	3376.63366	178.21782
20210909-3-SQUID	62	0	2745.26733	544.88119	2823.34653	363.78218
20210909-3-SQUID	62	1	2913.58416	537.35644	2990.07921	347.94059
20210909-3-SQUID	63	0	2817.43564	448.67327	2898.19802	259.62376
20210909-3-SQUID	64	0	2168.35644	1563.85149	2202.77228	1580.19802
20210909-3-SQUID	65	0	3275.64356	599.98020	3347.83168	455.80198
20210909-3-SQUID	65	1	3446.73267	648.69307	3507.43564	518.77228
20210909-3-SQUID	66	0	3096.05941	599.35644	3169.23762	439.75248
20210909-3-SQUID	67	0	2647.47525	370.76238	2732.55446	235.90099
20210909-3-SQUID	67	1	2404.30693	338.68317	2485.82178	178.87129
20210909-3-SQUID	68	0	2200.39604	80.79208	2245.54455	2.37624
20210909-3-SQUID	69	0	2086.33663	251.88119	2117.22772	2.37624
20210909-3-SQUID	70	0	3298.06931	462.23762	3392.47525	346.66337
20210909-3-SQUID	70	1	3498.86139	548.17822	3585.74257	456.36634
20210909-3-SQUID	71	0	2590.09901	258.55446	2672.57426	28.51485
20210909-3-SQUID	71	1	2756.03960	253.40594	2854.35644	36.03960
20210909-3-SQUID	72	0	2573.26733	479.22772	2654.32673	326.35644
20210909-3-SQUID	72	1	2732.47525	342.19802	2818.68317	181.00990
20210909-3-SQUID	73	0	2243.49505	678.96040	2529.49505	462.41584
20210909-3-SQUID	73	1	2448.64356	638.56436	2352.86139	495.68317
20210909-3-SQUID	74	0	2373.82178	562.84158	2451.53465	384.20792
20210909-3-SQUID	74	1	2142.93069	570.36634	2224.60396	374.70297
20210909-3-SQUID	75	0	2560.91089	402.76238	2650.76238	230.85149
20210909-3-SQUID	75	1	2376.75248	407.91089	2450.76238	216.19802
20210909-3-SQUID	76	0	1974.35644	660.60396	2083.51485	430.62376
20210909-3-SQUID	76	1	2202.07921	654.66337	2293.81188	442.10891
20210909-3-SQUID	77	0	3071.78218	497.06931	3150.26733	367.28713
20210909-3-SQUID	77	1	3277.32673	522.01980	3356.20792	412.43564
20210909-3-SQUID	78	0	2993.36634	396.87129	3082.54455	280.15842
20210909-3-SQUID	78	1	3215.14851	412.31683	3308.28713	324.51485
20210909-3-SQUID	79	0	1627.61386	668.13861	1758.25743	606.92079
20210909-3-SQUID	80	0	1712.76238	617.84158	1842.33663	530.20792
20210909-3-SQUID	81	0	2271.90099	408.72277	2351.40594	179.36634
20210909-3-SQUID	81	1	2452.49505	424.56436	2536.35644	212.23762
20210909-3-SQUID	82	0	2498.04950	872.25743	2577.68317	672.36634
20210909-3-SQUID	82	1	2670.72277	781.56436	2726.99010	606.22772
20210909-3-SQUID	83	0	2028.40594	795.84158	2159.91089	687.12871
20210909-3-SQUID	83	1	2296.92079	759.40594	2393.57426	653.86139
20210909-3-SQUID	84	0	779.73267	1365.96040	766.95050	1303.28713
20210909-3-SQUID	84	1	658.54455	1351.30693	622.39604	1289.82178
20210909-4-SQUID	0	0	2649.50495	1344.95050	2559.20792	1164.35644
20210909-4-SQUID	1	0	3302.34653	1400.79208	3326.62376	1144.17822
20210909-4-SQUID	2	0	438.76238	1358.83168	417.34653	1305.95050
20210909-4-SQUID	2	1	530.64356	1366.75248	515.56436	1312.28713
20210909-4-SQUID	3	0	98.61386	1319.59406	57.42574	1289.96040
20210909-4-SQUID	4	0	803.76238	243.66337	914.96040	43.16832
20210909-4-SQUID	5	0	3676.03960	1425.74257	3747.32673	1133.46535
20210909-4-SQUID	6	0	2785.69307	776.98020	2852.14851	750.02970
20210909-4-SQUID	6	1	2736.98020	749.65347	2803.83168	713.59406
20210909-4-SQUID	7	0	1015.06931	1337.15842	1019.35644	1276.46535
20210909-4-SQUID	7	1	1245.96040	1336.36634	1245.49505	1269.73267
20210909-4-SQUID	8	0	1551.14851	1462.35644	1590.37624	1407.37624
20210909-4-SQUID	8	1	1832.73267	1373.64356	1857.70297	1341.63366
20210909-4-SQUID	9	0	1151.50495	1205.68317	1173.79208	1137.31683
20210909-4-SQUID	9	1	1383.58416	1153.80198	1410.22772	1085.03960
20210909-4-SQUID	10	0	1000.08911	1416.34653	1007.82178	1370.98020
20210909-4-SQUID	10	1	1237.71287	1387.43564	1255.34653	1339.69307
20210909-4-SQUID	11	0	1570.69307	1154.85149	1575.44554	1088.31683
20210909-4-SQUID	12	0	3433.66337	287.52475	3559.60396	26.13861
20210909-4-SQUID	13	0	3473.49505	423.59406	3619.80198	125.94059
20210909-4-SQUID	14	0	2409.03960	1566.51485	2417.08911	1430.44554
20210909-4-SQUID	14	1	2257.75248	1555.02970	2269.76238	1437.57426
20210909-4-SQUID	15	0	1953.08911	1406.43564	1948.36634	1315.83168
20210909-4-SQUID	15	1	2104.77228	1407.22772	2095.29703	1300.78218
20210909-4-SQUID	16	0	3239.98020	1539.87129	3256.22772	1347.84158
20210909-4-SQUID	16	1	3115.22772	1516.50495	3127.51485	1341.90099
20210909-4-SQUID	17	0	3490.69307	437.22772	3595.24752	156.83168
20210909-4-SQUID	18	0	3439.13861	379.29703	3573.06931	114.85149
20210909-4-SQUID	18	1	3546.06931	393.15842	3699.00990	142.17822
20210909-4-SQUID	19	0	2193.26733	1233.26733	2140.99010	1119.20792
20210909-4-SQUID	20	0	2081.58416	1238.01980	2029.30693	1135.84158
20210909-4-SQUID	21	0	648.71287	14.25743	807.92079	1045.54455
20210909-4-SQUID	22	0	2048.31683	1508.91089	2036.43564	1342.57426
20210909-4-SQUID	23	0	1872.30693	1358.95050	1856.74257	1359.79208
20210909-4-SQUID	23	1	1553.49505	1375.98020	1537.13861	1362.16832
20210909-4-SQUID	24	0	416.23762	361.23762	533.15842	192.56436
20210909-4-SQUID	24	1	125.54455	341.43564	253.15842	168.80198
20210909-4-SQUID	25	0	1072.57426	1417.95050	1055.80198	1383.11881
20210909-4-SQUID	25	1	902.27723	1419.53465	874.01980	1385.89109
20210909-4-SQUID	26	0	147.32673	513.26733	266.13861	365.94059
20210909-4-SQUID	27	0	2081.58416	1546.93069	2102.97030	1480.39604
20210909-4-SQUID	28	0	106.53465	356.07921	230.49505	80.79208
20210909-4-SQUID	28	1	557.22772	369.94059	660.59406	85.14851
20210909-4-SQUID	29	0	221.19802	315.73267	330.09901	44.35644
20210909-4-SQUID	29	1	688.12871	282.86139	792.67327	24.55446
20210909-4-SQUID	30	0	3090.27723	1445.53465	3087.77228	1409.16832
20210909-4-SQUID	30	1	2832.85149	1361.57426	2807.37624	1317.28713
20210909-4-SQUID	31	0	2559.98020	477.06931	2654.25743	203.96040
20210909-4-SQUID	31	1	2821.36634	356.67327	2926.33663	87.92079
20210909-4-SQUID	32	0	3229.40594	389.29703	3342.17822	205.94059
20210909-4-SQUID	32	1	3589.24752	299.54455	3769.10891	144.95050
20210909-4-SQUID	33	0	2495.35644	524.08911	2597.43564	273.78218
20210909-4-SQUID	33	1	2831.19802	434.98020	2935.65347	207.64356
20210909-4-SQUID	34	0	2278.81188	152.07921	2326.33663	9.50495
