OpCode	ImagePtPair	Index	Lx	Ly	Rx	Ry
20220519-1-NAKED	0	0	1845.50688	1153.28142	1819.07384	1319.06563
20220519-1-NAKED	1	0	304.53532	989.60352	361.63569	1075.24229
20220519-1-NAKED	2	0	86.50814	48.05339	115.34418	27.63070
20220519-1-NAKED	3	0	2040.15019	454.10456	2119.44931	838.53170
20220519-1-NAKED	4	0	2856.20818	531.67401	2853.70632	590.82379
20220519-1-NAKED	4	1	2995.39033	554.27313	2991.69888	567.03524
20220519-1-NAKED	5	0	2633.31599	479.33921	2629.43866	638.38767
20220519-1-NAKED	5	1	2806.99628	415.11013	2785.27509	549.18062
20220519-1-NAKED	6	0	1960.17472	375.53744	1956.37175	714.67401
20220519-1-NAKED	6	1	2204.04089	418.35683	2203.80669	678.99119
20220519-1-NAKED	7	0	2200.24164	673.61233	2255.45353	832.81057
20220519-1-NAKED	7	1	2322.76952	672.42291	2373.22305	793.55947
20220519-1-NAKED	8	0	2134.81413	668.85463	2191.21561	801.88546
20220519-1-NAKED	9	0	1613.81413	396.07930	1681.65799	421.05727
20220519-1-NAKED	9	1	1469.87361	396.07930	1522.25279	406.78414
20220519-1-NAKED	10	0	2243.55390	384.18502	2231.41636	648.59031
20220519-1-NAKED	10	1	2439.83643	390.13216	2420.56134	596.25551
20220519-1-NAKED	11	0	2537.38290	413.92070	2513.34944	587.92952
20220519-1-NAKED	11	1	2725.33829	449.60352	2707.25279	565.33040
20220519-1-NAKED	12	0	2386.30483	478.14978	2392.01115	664.05286
20220519-1-NAKED	12	1	2556.41636	478.14978	2549.03717	623.61233
20220519-1-NAKED	13	0	2368.46097	567.35683	2395.57993	734.22907
20220519-1-NAKED	13	1	2531.43494	581.62996	2549.03717	709.25110
20220519-1-NAKED	14	0	2402.95911	625.63877	2445.54275	787.75330
20220519-1-NAKED	14	1	2546.89963	616.12335	2582.34572	749.69163
20220519-1-NAKED	15	0	2389.87361	644.66960	2438.40520	817.48899
20220519-1-NAKED	15	1	2200.72862	624.44934	2259.96654	850.79295
20220519-1-NAKED	16	0	2801.36431	556.24229	2811.58736	641.66520
20220519-1-NAKED	16	1	2991.69888	569.32599	2986.45725	604.79295
20220519-1-NAKED	17	0	1451.85130	478.14978	1493.68773	499.55947
20220519-1-NAKED	18	0	1717.76952	518.59031	1765.35316	537.62115
20220519-1-NAKED	19	0	2682.09665	670.04405	2724.16357	713.65639
20220519-1-NAKED	20	0	2678.52788	706.91630	2724.16357	737.44493
20220519-1-NAKED	21	0	2760.60967	677.18062	2800.29740	701.76211
20220519-1-NAKED	22	0	2809.38290	655.77093	2838.36431	666.07930
20220519-1-NAKED	23	0	2897.41264	699.77974	2938.28996	706.51982
20220519-1-NAKED	24	0	2980.68401	723.56828	3016.80297	708.89868
20220519-1-NAKED	25	0	3578.28996	656.56388	3566.39405	471.01322
20220519-1-NAKED	26	0	3335.61338	701.76211	3345.13011	578.06167
20220519-1-NAKED	27	0	3266.61710	658.94273	3283.27138	578.06167
20220519-1-NAKED	28	0	3383.19703	604.22907	3373.68030	547.13656
20220519-1-NAKED	29	0	1986.44610	1262.24229	2072.74349	1408.24229
20220519-1-NAKED	29	1	2216.03717	1287.22026	2274.97398	1392.77974
20220519-1-NAKED	30	0	2229.29368	706.51982	2303.04833	854.00881
20220519-1-NAKED	31	0	2226.91450	661.32159	2288.77323	801.67401
20220519-1-NAKED	32	0	2353.22677	490.33921	2361.22677	675.94714
20220519-1-NAKED	32	1	2501.92565	501.04405	2505.16729	639.07489
20220519-1-NAKED	33	0	1588.86245	529.12775	1615.95539	592.94714
20220519-1-NAKED	33	1	1793.47212	531.50661	1826.51301	611.97797
20220519-1-NAKED	34	0	2274.71375	488.85463	2287.08178	696.74009
20220519-1-NAKED	34	1	2435.30855	501.93833	2438.15985	656.29956
20220519-1-NAKED	35	0	1239.12639	490.47577	1279.86617	474.58150
20220519-1-NAKED	35	1	1359.27509	492.85463	1404.77323	482.90749
20220519-1-NAKED	36	0	2703.94052	619.54185	2728.12268	696.77533
20220519-1-NAKED	36	1	2569.51673	657.60352	2607.97398	771.70925
20220519-1-NAKED	37	0	3016.80297	631.53744	3029.88848	645.18943
20220519-1-NAKED	37	1	3169.07063	626.77974	3167.88104	611.88546
20220519-1-NAKED	38	0	2266.62082	409.16300	2253.91822	630.99119
20220519-1-NAKED	38	1	2433.16357	416.29956	2418.08178	584.60352
20220519-1-NAKED	39	0	2236.43123	573.30396	2262.60223	758.85463
20220519-1-NAKED	40	0	1543.41264	407.97357	1591.52045	451.81498
20220519-1-NAKED	40	1	1395.90335	397.26872	1435.68401	431.59471
20220519-1-NAKED	41	0	1976.27509	645.74890	2043.24164	921.05286
20220519-1-NAKED	41	1	2145.19703	642.18062	2205.02602	863.96035
20220519-1-NAKED	42	0	2425.15985	462.68722	2418.43494	640.50661
20220519-1-NAKED	42	1	2573.85874	478.14978	2571.89219	609.58150
20220519-1-NAKED	43	0	2001.63569	596.96035	2065.46468	880.47577
20220519-1-NAKED	43	1	2219.33086	595.77093	2264.12639	821.00441
20220519-1-NAKED	44	0	2492.04833	632.49780	2538.00000	767.62115
20220519-1-NAKED	44	1	2645.50558	603.95154	2660.52788	706.96035
20220519-1-NAKED	45	0	2701.26022	669.56828	2736.77695	733.32599
20220519-1-NAKED	45	1	2832.11524	660.05286	2848.59851	684.55947
20220519-1-NAKED	46	0	1921.75465	388.94273	1920.71004	730.24229
20220519-1-NAKED	46	1	2135.88104	424.62555	2136.02602	700.50661
20220519-1-NAKED	47	0	2364.05576	503.12775	2365.33457	684.75771
20220519-1-NAKED	47	1	2525.84015	513.83260	2525.92937	647.88546
20220519-1-NAKED	48	0	2197.58364	689.07489	2276.27881	901.13656
20220519-1-NAKED	48	1	2367.69517	691.45374	2428.54647	855.93833
20220519-1-NAKED	49	0	1659.05948	448.99559	1711.26022	479.33921
20220519-1-NAKED	49	1	1523.44610	437.10132	1564.94052	463.87665
20220519-1-NAKED	50	0	2685.11278	55.32294	2545.56391	16.83742
20220519-1-NAKED	51	0	72.09011	636.60067	146.58323	670.58732
20220519-1-NAKED	52	0	421.11524	810.51542	477.02602	851.45374
20220519-1-NAKED	52	1	298.58736	828.35683	355.68773	870.48458
20220519-1-NAKED	53	0	211.74721	689.86784	280.74349	727.92952
20220519-1-NAKED	54	0	273.60595	628.01762	328.32714	666.07930
20220519-1-NAKED	55	0	14.27509	732.68722	83.27138	806.43172
20220519-1-NAKED	56	0	81.70213	761.36596	153.79224	800.00334
20220519-1-NAKED	57	0	114.28571	783.81292	181.65414	841.02895
20220519-1-NAKED	58	0	256.24060	675.57238	310.37594	736.39644
20220519-1-NAKED	59	0	580.52045	1018.14978	625.72491	1070.48458
20220519-1-NAKED	60	0	2800.29740	1015.77093	2928.77323	1072.86344
20220519-1-NAKED	61	0	966.72340	416.86318	1013.74593	337.57508
20220519-1-NAKED	61	1	1018.38798	408.45384	1070.21652	329.16574
20220519-1-NAKED	62	0	973.42428	204.22692	1017.37922	170.58954
20220519-1-NAKED	62	1	1226.94118	251.07898	1275.70213	225.85095
20220519-1-NAKED	63	0	229.59108	1678.28194	272.41636	1799.60352
20220519-1-NAKED	64	0	187.95539	1711.58590	237.91822	1821.01322
20220519-1-NAKED	65	0	246.24535	1721.10132	295.01859	1818.63436
20220519-1-NAKED	66	0	226.02230	1730.61674	278.36431	1830.52863
20220519-1-NAKED	67	0	111.73967	33.63737	139.37422	9.61068
20220519-1-NAKED	68	0	47.58364	1738.94273	111.82156	1920.92511
20220519-1-NAKED	68	1	158.21561	1680.66079	199.85130	1830.52863
20220519-1-NAKED	69	0	3016.80297	589.95595	3019.18216	494.80176
20220519-1-NAKED	70	0	2271.71895	751.30435	2351.21706	857.25753
20220519-1-NAKED	71	0	2641.91450	843.55947	2737.22305	950.06608
20220519-1-NAKED	71	1	2703.77323	832.85463	2783.61710	923.89868
20220519-1-NAKED	72	0	2414.42007	880.50220	2536.95911	1055.21586
20220519-1-NAKED	72	1	2463.19331	885.25991	2583.35316	1049.26872
20220519-1-NAKED	73	0	2498.50929	1046.60793	2645.65056	1077.62115
20220519-1-NAKED	74	0	2488.62454	965.81498	2617.10037	1065.72687
20220519-1-NAKED	75	0	2738.04511	738.44098	2771.72932	666.28062
20220519-1-NAKED	76	0	3268.80000	1507.20000	3340.80000	1401.60000
20220519-1-NAKED	77	0	1987.20000	573.60000	2023.20000	724.80000
20220519-1-NAKED	78	0	2781.60000	602.40000	2791.20000	583.20000
20220519-1-NAKED	79	0	2767.97992	387.69231	2724.61731	363.61204
20220519-1-NAKED	80	0	3007.51880	389.66592	2961.80451	329.53229
20220519-1-NAKED	81	0	1237.17472	528.10573	1280.00000	447.22467
20220519-1-NAKED	82	0	2219.77695	1479.64758	2295.91078	1458.23789
20220519-1-NAKED	83	0	441.33829	264.05286	479.40520	198.63436
20220519-1-NAKED	83	1	274.79554	290.22026	308.10409	225.99119
20220519-1-NAKED	84	0	3741.35338	1363.83073	3830.37594	1296.48107
20220519-1-NAKED	85	0	1629.23655	1323.87097	1588.38548	1869.27697
20220519-1-NAKED	86	0	1421.24535	379.42731	1472.55019	449.60352
20220519-1-NAKED	86	1	1178.56877	266.43172	1232.25279	322.33480
20220519-1-NAKED	87	0	1254.50186	409.16300	1305.33829	438.89868
20220519-1-NAKED	87	1	1034.42751	306.87225	1085.26394	323.52423
20220519-1-NAKED	88	0	3368.92193	1441.58590	3442.67658	1372.59912
20220519-1-NAKED	89	0	3530.70632	1467.75330	3613.97770	1389.25110
20220519-1-NAKED	90	0	1002.16423	1414.75113	992.38701	1341.44796
20220519-1-NAKED	91	0	3160.48377	1182.62443	3214.25843	1082.44344
20220519-1-NAKED	92	0	3707.95539	1565.94714	3779.33086	1606.11454
20220519-1-NAKED	92	1	3521.18959	1546.91630	3583.04833	1577.56828
20220519-1-NAKED	93	0	723.27138	1958.98678	764.90706	2113.61233
20220519-1-NAKED	93	1	667.36059	1967.31278	719.70260	2127.88546
20220519-1-NAKED	94	0	831.52416	2081.49780	887.43494	2156.43172
20220519-1-NAKED	95	0	919.55390	1535.02203	929.38662	1615.76652
20220519-1-NAKED	95	1	786.31970	1577.84141	802.10037	1675.23789
20220519-1-NAKED	96	0	3705.57621	1470.32599	3797.17472	1445.62115
20220519-1-NAKED	96	1	3478.36431	1467.94714	3550.92937	1425.40088
20220519-1-NAKED	97	0	404.21053	1681.33630	437.89474	1766.72606
20220519-1-NAKED	98	0	842.23048	1217.97357	820.81784	1175.15419
20220519-1-NAKED	99	0	818.04511	1543.02895	819.24812	1608.18931
20220519-1-NAKED	100	0	367.58364	1575.38767	384.23792	1629.04846
20220519-1-NAKED	100	1	487.73234	1589.66079	512.71375	1629.04846
20220519-1-NAKED	101	0	270.03717	1662.65639	306.91450	1713.25551
20220519-1-NAKED	101	1	378.28996	1669.79295	405.65056	1710.87665
20220519-1-NAKED	102	0	102.30483	1428.99559	115.39033	1513.90308
20220519-1-NAKED	103	0	5.94796	1458.73128	19.03346	1567.42731
20220519-1-NAKED	104	0	1780.62578	1218.15350	1773.41677	1273.41491
20220519-1-NAKED	105	0	1608.71004	185.55066	1683.22305	160.57269
20220519-1-NAKED	106	0	3378.04511	1143.66147	3441.80451	1174.98886
20220519-1-NAKED	106	1	3505.56391	1202.59243	3574.13534	1221.89310
20220519-1-NAKED	107	0	109.44238	811.18943	176.05948	930.13216
20220519-1-NAKED	108	0	1950.75940	1523.78619	2037.88722	1646.45880
20220519-1-NAKED	108	1	2334.51880	1580.31180	2413.22556	1639.24276
20220519-1-NAKED	109	0	3676.39098	134.69933	3580.15038	4.81069
20220519-1-NAKED	110	0	3073.90335	632.77533	3078.66171	501.93833
20220519-1-NAKED	111	0	3825.72491	716.03524	3816.20818	471.01322
20220519-1-NAKED	112	0	3351.07807	871.40088	3429.59108	927.59031
20220519-1-NAKED	112	1	2971.59851	797.65639	3046.54275	913.31718
20220519-1-NAKED	113	0	2378.23780	1154.13237	2431.53692	1201.68076
20220519-1-NAKED	114	0	1984.96241	1474.47661	2073.98496	1534.61024
20220519-1-NAKED	115	0	1347.78439	183.17181	1394.78067	262.86344
20220519-1-NAKED	115	1	1533.36059	222.42291	1588.68401	296.16740
20220519-1-NAKED	116	0	728.02974	256.91630	766.09665	176.03524
20220519-1-NAKED	117	0	927.88104	161.76211	977.14126	108.23789
20220519-1-NAKED	118	0	710.18587	511.45374	751.82156	567.35683
20220519-1-NAKED	118	1	580.52045	406.78414	620.96654	466.25551
20220519-1-NAKED	119	0	1378.59480	302.11454	1426.72862	260.48458
20220519-1-NAKED	119	1	1502.31227	249.77974	1563.53160	215.28634
20220519-1-NAKED	120	0	2084.16357	294.97797	2016.76580	410.35242
20220519-1-NAKED	121	0	2234.05204	368.72247	2186.87732	434.14097
20220519-1-NAKED	122	0	1349.77444	28.86414	1405.11278	43.29621
20220519-1-SQUID	0	0	2014.69045	882.53731	2034.83736	910.74627
20220519-1-SQUID	1	0	1115.78014	827.08990	1142.05059	853.79134
20220519-1-SQUID	2	0	1151.75765	837.87791	1179.22736	868.17536
20220519-1-SQUID	3	0	2945.35915	599.33407	2938.16365	489.05660
20220519-1-SQUID	4	0	2847.02061	582.55272	2837.42661	489.05660
20220519-1-SQUID	5	0	3101.26171	673.65150	3106.05871	532.20866
20220519-1-SQUID	6	0	3036.50219	572.96337	3026.90818	426.72586
20220519-1-SQUID	7	0	1563.82261	1452.78579	1568.61961	1373.67370
20220519-1-SQUID	8	0	1623.78513	1464.77248	1630.98064	1416.82575
20220519-1-SQUID	9	0	1415.11555	1289.76693	1407.92005	1275.38291
20220519-1-SQUID	10	0	193.07933	1661.35405	243.44785	1833.96226
20220519-1-SQUID	10	1	634.40350	1608.61265	672.77951	1762.04218
20220519-1-SQUID	11	0	1563.82261	1771.63152	1580.61212	1843.55161
20220519-1-SQUID	12	0	3576.16490	1162.70810	3662.51093	1138.73474
20220519-1-SQUID	13	0	2547.80262	1465.65927	2604.42661	1394.09656
20220519-1-SQUID	14	0	2412.89194	1469.56715	2480.04997	1407.23640
20220519-1-SQUID	15	0	3377.08932	1675.73807	3443.04809	1754.85017
20220519-1-SQUID	16	0	2056.38538	506.64595	2067.94566	644.66593
20220519-1-SQUID	17	0	3580.96190	1684.12875	3656.51468	1580.40733
20220519-1-SQUID	18	0	3249.96877	1572.65261	3314.72829	1519.91121
20220519-1-SQUID	19	0	1108.10743	875.02775	1120.09994	1038.04661
20220519-1-SQUID	20	0	542.06121	887.01443	592.42973	999.68923
20220519-1-SQUID	21	0	503.68520	978.11321	544.45971	1074.00666
20220519-1-SQUID	22	0	326.19613	1042.84129	383.76015	1069.21199
20220519-1-SQUID	23	0	513.27920	409.94451	551.65522	304.46171
20220519-1-SQUID	24	0	1182.46096	2107.25860	1220.83698	2152.80799
20220519-1-SQUID	25	0	3407.07058	1962.21976	3479.02561	2062.90788
20220519-1-SQUID	26	0	3450.24360	1996.98113	3517.40162	2076.09323
20220519-1-SQUID	27	0	3516.20237	2028.14650	3583.36040	2118.04661
20220519-1-SQUID	28	0	1614.19113	76.71476	1690.94316	112.67481
20220519-1-SQUID	29	0	2659.93754	1644.57270	2729.49407	1582.24195
20220519-1-SQUID	30	0	2412.89194	1035.64928	2556.80200	1076.40400
20220519-1-SQUID	31	0	2647.94503	1074.00666	2789.45659	1071.60932
20220519-1-SQUID	32	0	3468.23235	1028.45727	3556.97689	1028.45727
20220519-1-SQUID	33	0	3127.64522	987.70255	3237.97626	1074.00666
20220519-1-SQUID	34	0	1681.34916	745.57159	1705.33417	767.14761
20220519-1-SQUID	35	0	1890.01874	827.08102	1911.60525	831.87569
20220519-1-SQUID	36	0	1153.67895	604.12875	1192.05497	546.59267
20220519-1-SQUID	37	0	2652.74204	956.53718	2777.46408	1057.22531
20220519-1-SQUID	38	0	3544.98438	2001.77580	3604.94691	2148.01332
20220519-1-SQUID	39	0	1431.90506	1016.47059	1431.90506	1074.00666
20220519-1-SQUID	40	0	3696.08994	1577.44728	3770.44347	1515.11654
20220519-1-SQUID	41	0	3756.05247	1543.88457	3828.00750	1483.95117
20220519-1-SQUID	42	0	1081.72392	1896.29301	1121.77639	2145.61598
20220519-1-SQUID	42	1	1024.15990	1873.51831	1066.61087	2119.24528
20220519-1-SQUID	43	0	3044.89694	2080.88790	3137.23923	2073.69589
20220519-1-SQUID	44	0	580.43723	961.33185	626.00874	1074.00666
20220519-1-SQUID	45	0	2235.40287	493.85128	2230.60587	560.97669
20220519-1-SQUID	46	0	2144.62961	909.61931	2290.56839	1074.00666
20220519-1-SQUID	47	0	2197.39663	939.58602	2345.73392	1071.60932
20220519-1-SQUID	48	0	2168.24485	1133.94007	2209.01936	1167.50277
20220519-1-SQUID	49	0	2149.05684	1249.01221	2199.42536	1260.99889
20220519-1-SQUID	50	0	1532.64210	1977.80244	1551.83011	1850.74362
20220519-2-NAKED	0	0	3255.65217	469.66887	3169.78882	288.47682
20220519-2-NAKED	1	0	329.07372	48.37626	362.94896	4.83763
20220519-2-NAKED	2	0	261.32325	135.45353	285.51985	101.59015
20220519-2-NAKED	3	0	235.91682	221.32139	272.21172	185.03919
20220519-2-NAKED	3	1	107.67486	170.52632	136.71078	137.87234
20220519-2-NAKED	4	0	164.53686	684.52408	217.76938	674.84882
20220519-2-NAKED	5	0	1764.96894	1287.41722	1781.66460	1163.44371
20220519-2-NAKED	6	0	839.62193	481.34378	885.59546	396.68533
20220519-2-NAKED	7	0	2640.29814	2081.32450	2742.85714	2150.46358
20220519-2-NAKED	8	0	1137.60248	2036.02649	1175.85093	2155.23179
20220519-2-NAKED	9	0	1209.15528	2033.64238	1242.63354	2150.46358
20220519-2-NAKED	10	0	1451.79584	2048.73460	1475.99244	2145.48712
20220519-2-NAKED	11	0	2117.93233	191.22494	2048.72180	418.53007
20220519-2-NAKED	11	1	2255.24812	140.71269	2165.41353	333.14031
20220519-2-NAKED	12	0	1258.22306	403.94177	1301.77694	299.93281
20220519-2-NAKED	13	0	1490.51040	495.85666	1538.90359	420.87346
20220519-2-NAKED	14	0	1517.12665	582.93393	1553.42155	517.62598
20220519-2-NAKED	15	0	1734.89603	655.49832	1763.93195	735.31915
20220519-2-NAKED	16	0	2920.52930	1821.36618	2990.69943	1886.67413
20220519-2-NAKED	17	0	2918.10964	1847.97312	3014.89603	1910.86226
20220519-2-NAKED	18	0	800.90737	350.72788	851.72023	488.60022
20220519-2-NAKED	19	0	3083.85633	736.39530	3151.60681	904.34826
20220519-2-NAKED	19	1	2921.73913	724.30123	2990.69943	915.23292
20220519-2-NAKED	20	0	1425.09641	112.47480	1488.03214	52.00448
20220519-2-NAKED	21	0	3484.31002	539.39530	3462.53308	345.89026
20220519-2-NAKED	22	0	1737.31569	19.35050	1838.94140	0.00000
20220519-2-NAKED	23	0	3306.46503	773.30123	3343.96975	714.76260
20220519-2-NAKED	24	0	880.75614	1618.02352	910.90359	2016.08063
20220519-2-NAKED	24	1	969.07372	1627.69877	996.80151	2026.96529
20220519-2-NAKED	25	0	1253.70138	1715.71906	1268.59325	2150.22624
20220519-2-NAKED	26	0	2878.18526	1053.16461	2994.32892	1004.34826
20220519-2-NAKED	26	1	2693.08129	1020.51064	2809.22495	1021.27996
20220519-2-NAKED	27	0	3673.04348	1434.35610	3764.99055	1364.21053
20220519-2-NAKED	28	0	2482.57089	1690.75028	2569.67864	1678.65622
20220519-2-NAKED	29	0	2296.25709	1035.25196	2441.43667	1066.69653
20220519-2-NAKED	30	0	3226.46617	1217.10468	3293.83459	1113.67483
20220519-2-NAKED	31	0	3552.06049	1864.90482	3612.55198	2135.81187
20220519-2-NAKED	32	0	3587.14556	557.24972	3556.89981	308.39866
20220519-2-NAKED	33	0	1848.44720	1897.74834	1853.21739	1981.19205
20220519-2-NAKED	34	0	1745.88820	1749.93377	1757.81366	1738.01325
20220519-2-NAKED	35	0	1803.13043	1983.57616	1807.90062	2100.39735
20220519-2-NAKED	36	0	1810.28571	1440.00000	1815.05590	1349.40397
20220519-2-NAKED	37	0	1404.81988	1380.39735	1402.43478	1361.32450
20220519-2-NAKED	38	0	1674.33540	1475.76159	1669.56522	1473.37748
20220519-2-NAKED	39	0	1540.77019	1766.62252	1567.00621	1985.96026
20220519-2-NAKED	40	0	1545.54037	1614.03974	1555.08075	1718.94040
20220519-2-NAKED	41	0	1540.77019	1580.66225	1547.92547	1640.26490
20220519-2-NAKED	42	0	1411.97516	1559.20530	1414.36025	1733.24503
20220519-2-NAKED	43	0	1400.04969	1528.21192	1407.20497	1563.97351
20220519-2-NAKED	44	0	1342.80745	1459.07285	1345.19255	1540.13245
20220519-2-NAKED	45	0	1364.27329	1406.62252	1366.65839	1447.15232
20220519-2-NAKED	46	0	1628.70186	1599.73510	1638.52795	1673.64238
20220519-2-NAKED	46	1	1706.21739	1614.03974	1716.04348	1689.13907
20220519-2-NAKED	47	0	2773.86335	1943.04636	2866.88199	2074.17219
20220519-2-NAKED	48	0	2812.63158	31.26949	2680.30075	12.02673
20220519-2-NAKED	49	0	1729.19255	1630.72848	1736.34783	1633.11258
20220521-2-SQUID	0	0	1822.98191	854.90022	1830.16843	840.53215
20220521-2-SQUID	1	0	2648.30069	1090.59645	2680.57392	1084.78936
20220521-2-SQUID	2	0	2602.78603	1170.81818	2644.64130	1139.86696
20220521-2-SQUID	3	0	2751.30755	1175.60754	2793.16282	1094.36807
20220521-2-SQUID	4	0	2720.16594	1205.54102	2764.41672	1130.28825
20220521-2-SQUID	5	0	3533.37492	1338.23725	3623.20649	1214.88248
20220521-2-SQUID	6	0	3431.56581	1298.72506	3511.81535	1172.97561
20220521-2-SQUID	7	0	3233.93637	1199.34590	3297.41734	1085.56984
20220521-2-SQUID	8	0	3097.39239	1131.09756	3152.48908	1084.37251
20220521-2-SQUID	9	0	3257.89145	1140.67627	3320.17467	1080.78049
20220521-2-SQUID	10	0	3318.97692	1167.01774	3388.44666	1085.56984
20220521-2-SQUID	11	0	3392.03993	1169.41242	3466.30069	1083.17517
20220521-2-SQUID	12	0	3221.95883	1422.05100	3289.03306	1311.86696
20220521-2-SQUID	13	0	3358.50281	1487.90466	3432.76357	1381.31264
20220521-2-SQUID	14	0	3190.81722	1503.47007	3259.08921	1410.04878
20220521-2-SQUID	15	0	3293.82408	1613.62528	3366.88709	1529.78271
20220521-2-SQUID	16	0	3151.29133	1653.13747	3219.56332	1568.09756
20220521-2-SQUID	17	0	3032.71366	1570.52106	3098.59014	1478.29712
20220521-2-SQUID	18	0	2716.50655	1633.98004	2785.97629	1564.50554
20220521-2-SQUID	19	0	2795.55833	1575.31042	2862.63256	1489.07317
20220521-2-SQUID	20	0	3176.44417	1326.26386	3239.92514	1223.26386
20220521-2-SQUID	21	0	3103.38116	1372.96009	3166.86213	1271.15743
20220521-2-SQUID	22	0	2997.97879	1401.69623	3060.26201	1309.47228
20220521-2-SQUID	23	0	2959.65066	1478.32594	3015.94510	1389.69401
20220521-2-SQUID	24	0	2940.48659	1327.46120	2997.97879	1237.63193
20220521-2-SQUID	25	0	2777.59201	1503.47007	2838.67748	1429.20621
20220521-2-SQUID	26	0	2764.41672	1471.14191	2823.10667	1382.50998
20220521-2-SQUID	27	0	2663.80536	1406.48559	2722.49532	1338.20843
20220521-2-SQUID	28	0	2579.96257	1362.18404	2636.25702	1299.89357
20220521-2-SQUID	29	0	2470.96694	1293.93570	2517.67935	1226.85588
20220521-2-SQUID	30	0	2682.96943	1256.81818	2727.28634	1166.98891
20220521-2-SQUID	31	0	2747.64816	1187.76053	2788.37180	1111.13082
20220521-2-SQUID	32	0	1873.71803	1870.24390	1878.07860	2097.73836
20220521-2-SQUID	32	1	1799.45727	1860.66519	1806.21335	2069.00222
20220521-2-SQUID	33	0	1789.44479	1669.09091	1799.02682	1666.69623
20220521-2-SQUID	34	0	1600.11354	1702.61641	1607.38615	1707.40576
20220521-2-SQUID	35	0	3741.78415	7.18404	3720.22458	1034.50111
20220521-2-SQUID	36	0	2977.61697	1463.14856	3035.10917	1412.86031
20220521-2-SQUID	37	0	2177.51716	1604.43459	2258.96444	1599.64523
20220521-2-SQUID	38	0	2397.90393	1659.51220	2479.35122	1649.93348
20220521-2-SQUID	39	0	2582.35808	1534.98891	2647.03681	1491.88470
20220521-2-SQUID	40	0	3078.22832	1487.09534	3140.51154	1386.51885
20220521-2-SQUID	41	0	2910.54273	1410.46563	2963.24392	1345.80931
20220521-2-SQUID	42	0	2963.24392	1343.41463	3018.34061	1273.96896
20220521-2-SQUID	43	0	2757.23019	1405.67627	2817.11790	1357.78271
20220521-2-SQUID	44	0	2762.02121	1355.38803	2812.32689	1290.73171
20220521-2-SQUID	45	0	2553.61198	1341.01996	2606.31316	1312.28381
20220521-2-SQUID	46	0	2381.13537	1314.67849	2433.83656	1312.28381
20220521-2-SQUID	47	0	2673.38740	1156.62971	2716.50655	1132.68293
20220521-2-SQUID	48	0	3094.99688	174.81153	2984.80349	21.55211
20220521-2-SQUID	49	0	2275.73300	150.86475	2160.74860	210.73171
20220521-2-SQUID	50	0	2936.89333	1513.43681	2999.17654	1451.17517
20220521-2-SQUID	51	0	571.32876	443.01552	766.56269	607.97561
20220521-2-SQUID	51	1	1220.51154	474.14634	1353.46226	824.69401
20220521-2-SQUID	52	0	2328.43419	1625.98670	2407.48596	1614.01330
20220521-2-SQUID	53	0	977.24828	1582.63193	996.30193	1704.44346
20220521-2-SQUID	53	1	1039.53150	1587.42129	1054.99189	1706.83814
20220521-2-SQUID	54	0	1715.06488	1507.19956	1720.94323	1626.61641
20220521-2-SQUID	54	1	1766.56831	1547.90909	1772.44666	1679.29933
20220521-2-SQUID	55	0	871.96507	1504.82927	883.84591	1585.26386
20220521-2-SQUID	55	1	814.47286	1498.84257	828.74922	1580.47450
20220521-2-SQUID	56	0	2287.71054	43.10421	2151.16656	146.07539
20220521-2-SQUID	57	0	1006.11354	2057.02882	1051.62820	2155.21064
20220521-2-SQUID	58	0	1231.29133	2138.44789	1264.82845	2152.81596
20220521-2-SQUID	59	0	3598.05365	107.76053	3499.83780	7.18404
20220521-2-SQUID	60	0	843.21896	1763.68071	871.96507	1903.76940
20220521-2-SQUID	60	1	888.73362	1766.07539	909.09545	1900.17738
20220521-2-SQUID	61	0	926.87523	1718.18182	955.09545	1913.34812
20220521-2-SQUID	61	1	1007.12477	1742.12860	1034.14722	1925.32151
20220521-2-SQUID	62	0	1231.42608	1792.41685	1252.85090	1903.76940
20220521-2-SQUID	62	1	1285.32502	1774.45676	1298.36556	1882.21729
20220521-2-SQUID	63	0	995.33375	1778.04878	1021.77417	1912.15078
20220521-2-SQUID	63	1	925.86400	1778.04878	957.09545	1919.33481
20220521-2-SQUID	64	0	946.22583	1719.37916	970.18091	1822.35033
20220521-3-NAKED	0	0	3013.21717	413.36283	2989.32172	463.53982
20220521-3-NAKED	1	0	1034.27194	1750.22124	1057.93715	1881.63717
20220521-3-NAKED	1	1	985.28625	1738.27434	1010.14624	1868.49558
20220521-3-NAKED	2	0	3357.02602	1995.85903	3426.02230	2157.62115
20220521-3-NAKED	3	0	2906.73491	1825.48673	2985.73740	1907.92035
20220521-3-NAKED	4	0	2733.49284	1812.34513	2812.49533	1880.44248
20220521-3-NAKED	5	0	2728.71375	1784.86726	2810.10579	1838.62832
20220521-3-NAKED	6	0	265.23958	838.67257	489.85688	649.91150
20220521-3-NAKED	7	0	3187.65401	334.51327	3118.35719	199.51327
20220521-3-NAKED	8	0	2409.85688	160.08850	2297.54823	242.52212
20220521-3-NAKED	9	0	2160.30554	1257.34513	2224.66708	1318.93805
20220521-3-NAKED	10	0	2050.39252	1322.79070	2124.56075	1404.11960
20220521-3-NAKED	11	0	3016.80149	412.16814	3003.65899	407.38938
20220521-3-NAKED	11	1	2751.56192	309.42478	2720.49782	390.66372
20220521-3-NAKED	12	0	2993.01115	176.03524	2912.11896	143.92070
20220521-3-NAKED	12	1	3245.20446	260.48458	3182.15613	162.95154
20220521-3-NAKED	13	0	2647.27509	1259.96916	2697.20446	1348.37885
20220521-3-NAKED	14	0	2313.27691	82.43363	2229.78283	308.23009
20220521-3-NAKED	14	1	2669.31923	183.98230	2609.72060	308.23009
20220521-3-NAKED	15	0	2788.70260	1177.82379	2854.79182	1221.41410
20220521-3-NAKED	15	1	2630.48699	1388.35242	2700.14498	1424.80617
20220521-3-NAKED	16	0	3155.98513	1395.02203	3204.75836	1418.12775
20220521-3-NAKED	16	1	2910.92937	1402.15859	2968.02974	1426.45374
20220521-3-NAKED	17	0	2159.65428	1464.87665	2239.39033	1553.94714
20220521-3-NAKED	18	0	3147.65799	152.24670	3052.49071	97.53304
20220521-3-NAKED	19	0	3276.13383	109.42731	3185.72491	7.13656
20220521-3-NAKED	20	0	2002.90335	1685.74449	2136.21190	1759.16300
20220521-3-NAKED	20	1	2282.45725	1657.19824	2384.83643	1705.63877
20220521-3-NAKED	21	0	2872.86245	9.51542	2766.98885	88.01762
20220521-3-NAKED	21	1	3208.32714	68.98678	3119.10781	52.33480
20220521-3-NAKED	22	0	2926.39405	204.58150	2856.20818	193.87665
20220521-3-NAKED	22	1	3176.20818	272.37885	3117.91822	192.68722
20220521-3-NAKED	23	0	2319.45986	185.17699	2263.23647	373.93805
20220521-3-NAKED	23	1	2621.73740	314.20354	2591.79900	405.00000
20220521-3-NAKED	24	0	2598.00560	394.24779	2567.40261	459.95575
20220521-3-NAKED	25	0	2463.78967	93.18584	2368.32421	225.79646
20220521-3-NAKED	25	1	2742.17175	218.62832	2684.93902	280.75221
20220521-3-NAKED	26	0	2581.88476	53.52423	2484.39777	191.49780
20220521-3-NAKED	26	1	2912.59108	101.10132	2829.37918	140.35242
20220521-3-NAKED	27	0	3252.34201	340.17621	3213.08550	264.05286
20220521-3-NAKED	27	1	3534.27509	418.67841	3504.53532	285.46256
20220521-3-NAKED	28	0	2244.34572	1212.02643	2303.69888	1227.48899
20220521-3-NAKED	28	1	2001.66914	1206.07930	2074.10781	1248.89868
20220521-3-NAKED	29	0	2358.54647	1326.21145	2420.27881	1335.72687
20220521-3-NAKED	29	1	2142.04089	1321.45374	2215.66914	1344.05286
20220521-3-NAKED	30	0	2382.33829	1119.25110	2436.93309	1157.31278
20220521-3-NAKED	30	1	2625.01487	1096.65198	2672.47212	1107.35683
20220521-3-NAKED	31	0	2894.27509	460.30837	2877.62082	439.99559
20220521-3-NAKED	32	0	3264.23792	88.01762	3166.69145	2.37885
20220521-3-NAKED	33	0	3131.00372	390.13216	3083.42007	280.70485
20220521-3-NAKED	34	0	3100.07435	511.45374	3075.09294	399.64758
20220521-3-NAKED	35	0	3402.23048	16.65198	3297.54647	4.75771
20220521-3-NAKED	36	0	3775.76208	14.27313	3661.56134	4.75771
20220521-3-NAKED	37	0	3801.93309	390.13216	3756.72862	192.68722
20220521-3-NAKED	38	0	3654.42379	480.52863	3613.97770	245.02203
20220521-3-NAKED	39	0	2278.84387	1097.84141	2310.83643	1115.68282
20220521-3-NAKED	40	0	1943.79182	1379.73568	2034.20074	1491.54185
20220521-3-NAKED	41	0	2743.19703	1110.92511	2793.15985	1158.50220
20220521-3-NAKED	42	0	2973.97770	1101.40969	3021.56134	1084.75771
20220521-3-NAKED	43	0	3230.92937	1099.03084	3283.27138	1091.89427
20220521-3-NAKED	44	0	2895.46468	1201.32159	2943.04833	1165.63877
20220521-3-NAKED	45	0	2912.11896	1272.68722	2966.84015	1270.30837
20220521-3-NAKED	46	0	3204.75836	1256.03524	3273.75465	1229.86784
20220521-3-NAKED	47	0	3546.91589	38.27243	3436.85981	1.19601
20220521-3-NAKED	48	0	3588.78505	200.93023	3499.06542	11.96013
20220521-3-NAKED	49	0	2446.26260	505.23894	2473.14375	629.24779
20220521-3-NAKED	49	1	2707.91786	637.84956	2753.91537	680.61947
20220521-3-NAKED	50	0	2050.07063	1532.70485	2145.45353	1560.99119
20220521-3-NAKED	51	0	2813.38290	1489.04405	2873.41264	1470.35683
20220521-3-NAKED	52	0	2259.89591	1559.05286	2348.47955	1587.01762
20220521-3-NAKED	53	0	2480.60150	1474.47661	2543.15789	1479.28731
20220521-3-NAKED	54	0	2674.20074	264.05286	2616.58736	302.11454
20220521-3-NAKED	54	1	2919.25651	358.01762	2883.05576	329.47137
20220521-3-NAKED	55	0	2989.44238	398.45815	2962.08178	355.63877
20220521-3-NAKED	55	1	3178.58736	519.77974	3172.63941	424.62555
20220521-3-NAKED	56	0	3255.33835	399.28731	3200.00000	283.83073
20220521-3-NAKED	57	0	3197.59398	214.07572	3110.97744	115.45657
20220521-3-NAKED	58	0	2617.10037	1303.61233	2669.44238	1282.20264
20220521-3-NAKED	59	0	2273.89591	1608.43172	2358.68773	1612.86344
20220521-3-NAKED	60	0	2667.36431	1272.45374	2721.98513	1254.26432
20220521-3-NAKED	61	0	2099.36431	1521.27753	2189.68030	1562.90749
20220521-3-NAKED	62	0	2413.50558	146.29956	2328.52788	249.77974
20220521-3-NAKED	62	1	2645.47584	239.07489	2577.15242	270.00000
20220521-3-SQUID	0	0	853.86633	1735.67148	1028.95690	1752.45283
20220521-3-SQUID	1	0	542.06121	1541.48724	578.03873	1855.53829
20220521-3-SQUID	2	0	1091.86259	1404.93785	1085.32167	1465.97114
20220521-3-SQUID	2	1	1307.72767	1595.52608	1319.17552	1636.18202
20220521-3-SQUID	3	0	170.29357	1549.60599	195.47783	1651.76471
20220521-3-SQUID	3	1	324.99688	1575.97669	351.38039	1657.75805
20220521-3-SQUID	4	0	207.47033	1478.20866	249.44410	1844.75028
20220521-3-SQUID	4	1	496.48969	1516.56604	536.06496	1880.71032
20220521-3-SQUID	5	0	199.07558	1452.78579	225.45909	1697.31410
20220521-3-SQUID	6	0	2102.76889	543.28857	2151.45534	769.54495
20220521-3-SQUID	7	0	2410.49344	1258.60155	2480.04997	1692.51942
20220521-3-SQUID	8	0	117.52655	1469.44728	142.71081	1614.60599
20220521-3-SQUID	9	0	2546.93754	1504.60599	2628.75703	1709.30078
20220521-3-SQUID	9	1	2838.35540	1430.28857	2909.38164	1642.17536
20220521-3-SQUID	10	0	254.24110	1289.76693	235.05309	1328.12431
20220521-3-SQUID	11	0	2494.44097	846.25971	2597.57651	978.11321
20220521-3-SQUID	12	0	1690.94316	745.57159	1902.01124	683.24084
20220521-4-NAKED	0	0	2032.23130	634.72626	2070.84852	728.84916
20220521-4-NAKED	1	0	717.40293	667.57919	908.94780	601.32579
20220521-4-NAKED	1	1	386.19987	560.06787	609.52069	462.04977
20220521-4-NAKED	2	0	2285.60471	1598.00905	2366.38065	1593.12217
20220521-4-NAKED	2	1	2132.83577	1599.23077	2220.94462	1600.45249
20220521-4-NAKED	3	0	2202.31700	1492.94118	2280.53469	1475.83710
20220521-4-NAKED	4	0	2581.18396	1522.26244	2642.29153	1451.40271
20220521-4-NAKED	5	0	3516.12985	1523.01357	3589.45894	1591.21267
20220521-4-NAKED	5	1	3291.25398	1475.36652	3363.36092	1524.01810
20220521-4-NAKED	6	0	3045.60153	1023.79186	3186.14895	1055.86425
20220521-4-NAKED	6	1	3018.71419	1021.34842	3158.03947	1059.52941
20220521-4-NAKED	7	0	2535.72056	939.78281	2681.61108	1055.44344
20220521-4-NAKED	8	0	481.52769	940.72398	657.51750	745.24887
20220521-4-NAKED	9	0	608.63144	1920.54299	674.62763	2155.11312
20220521-4-NAKED	10	0	1132.72438	1054.00452	1204.05602	1046.57014
20220521-4-NAKED	11	0	2676.95162	879.42534	2776.72820	930.95023
20220521-4-NAKED	12	0	3179.25589	905.08145	3258.25589	862.53394
20220521-4-NAKED	13	0	2321.71610	743.20362	2439.16677	952.79186
20220521-4-NAKED	13	1	2258.16423	729.76471	2384.16996	955.23529
20220521-4-NAKED	14	0	2116.76639	960.27149	2265.86887	1067.78281
20220521-4-NAKED	15	0	2102.95099	833.61086	2238.98154	1070.22624
20220521-4-NAKED	16	0	1980.73584	861.71041	2128.98791	1067.78281
20220521-4-NAKED	17	0	1953.84850	953.33937	2106.98918	1075.11312
20220521-4-NAKED	18	0	1928.37383	964.85050	2082.54615	1075.11312
20220521-4-NAKED	19	0	1939.14019	1004.31894	2108.37383	1077.32226
20220521-4-NAKED	20	0	141.76957	1819.14027	212.65436	2047.60181
20220521-4-NAKED	21	0	1872.33609	1617.55656	1891.89052	1505.15837
20220521-4-NAKED	22	0	1882.11330	1803.25792	1896.77912	1788.59729
20220521-4-NAKED	23	0	821.28581	1402.53394	813.95290	1392.76018
20220521-4-NAKED	24	0	1532.57798	1583.34842	1537.46658	1536.92308
20220523-1-NAKED	0	0	2964.67081	538.80795	2840.64596	550.72848
20220523-1-NAKED	1	0	2974.21118	763.88079	3055.30435	855.29139
20220523-1-NAKED	1	1	3215.10559	724.54305	3275.92547	743.23841
20220523-1-NAKED	2	0	3207.95031	684.49007	3255.65217	706.82781
20220523-1-NAKED	2	1	2976.59627	695.21854	3044.57143	795.03974
20220523-1-NAKED	3	0	2126.18634	1699.86755	2239.22360	1714.17219
20220523-1-NAKED	4	0	2315.92547	405.29801	2413.71429	946.49007
20220523-1-NAKED	5	0	2454.05590	1589.38411	2531.40994	1647.41722
20220523-1-NAKED	6	0	2570.92547	1944.61589	2678.09317	2144.50331
20220523-1-NAKED	7	0	2514.53271	1608.90698	2589.69159	1643.32226
20220523-2-NAKED	0	0	1011.27950	455.36424	1171.08075	548.34437
20220523-2-NAKED	1	0	2890.73292	1978.80795	2971.82609	2155.23179
20220523-2-NAKED	2	0	3502.50932	1649.45033	3577.63975	1591.68212
20220523-2-NAKED	3	0	2554.43478	1800.00000	2654.60870	2114.70199
20220523-2-NAKED	4	0	2835.87578	827.28477	2897.88820	820.13245
20220523-2-NAKED	5	0	2163.27950	1699.86755	2272.99379	1816.68874
20220523-2-NAKED	6	0	2475.72671	2107.54967	2583.05590	2148.07947
20220523-2-NAKED	7	0	2764.32298	1945.43046	2859.72671	2126.62252
20220523-3-NAKED	0	0	2895.50311	483.97351	2890.73292	507.81457
20220523-3-NAKED	1	0	977.88820	731.92053	1149.61491	681.85430
20220523-3-NAKED	2	0	2494.80745	2107.54967	2604.52174	2148.07947
20220523-3-NAKED	3	0	3405.91304	2064.63576	3475.08075	2152.84768
20220523-3-SQUID	0	0	1140.26201	562.74945	1372.62633	613.03769
20220523-3-SQUID	1	0	35.93263	1558.93570	82.64504	1791.21951
20220523-3-SQUID	1	1	238.35309	1606.82927	275.48347	1782.83814
20220523-3-SQUID	2	0	380.88584	1884.61197	450.35558	2114.50111
20220523-3-SQUID	3	0	749.79414	1599.64523	766.56269	1597.25055
20220523-3-SQUID	4	0	725.83905	1446.38581	716.25702	1412.86031
20220523-3-SQUID	5	0	126.96195	1285.94235	112.58890	1405.67627
20220523-3-SQUID	6	0	3432.76357	1450.92239	3497.44230	1487.09534
20220523-3-SQUID	7	0	1037.61447	629.65854	1192.98752	703.58093
20220523-3-SQUID	7	1	1339.44853	749.39246	1452.90019	914.31264
20220523-3-SQUID	8	0	2220.63631	325.67627	2177.51716	488.51441
20220523-3-SQUID	9	0	2417.06800	363.99113	2373.94885	466.96231
20220523-3-SQUID	10	0	2299.68808	435.83149	2294.89707	565.14412
20220523-3-SQUID	11	0	2237.40487	217.91574	2153.56207	344.83370
20220523-3-SQUID	12	0	2378.73986	249.04656	2314.06114	371.17517
20220523-3-SQUID	13	0	2656.61884	392.72727	2623.08172	440.62084
20220523-3-SQUID	14	0	2572.77604	363.99113	2529.65689	426.25277
20220523-3-SQUID	15	0	2508.09732	457.38359	2496.11978	541.19734
20220523-3-SQUID	16	0	2395.50842	560.35477	2414.67249	627.40576
20220523-3-SQUID	17	0	2503.30630	572.32816	2522.47037	634.58980
20220523-3-SQUID	18	0	2644.64130	543.59202	2647.03681	572.32816
20220523-3-SQUID	19	0	2548.82096	668.11530	2591.94011	668.11530
20220523-3-SQUID	20	0	2877.00561	668.11530	2893.77417	610.64302
20220523-3-SQUID	21	0	2773.99875	598.66962	2781.18528	555.56541
20220523-3-SQUID	22	0	2848.25951	565.14412	2848.25951	517.25055
20220523-3-SQUID	23	0	2872.21460	507.67184	2867.42358	476.54102
20220523-3-SQUID	24	0	2857.84155	431.04213	2824.30443	404.70067
20220523-3-SQUID	25	0	2953.66188	632.19512	2951.26638	545.98670
20220523-3-SQUID	26	0	3293.82408	514.85588	3281.84654	488.51441
20220523-3-SQUID	27	0	2172.72614	404.70067	2153.56207	565.14412
20220523-3-SQUID	28	0	2124.81597	459.77827	2120.02495	593.88027
20220523-4-SQUID	0	0	1097.14286	771.08647	1322.32065	761.50776
20220523-4-SQUID	1	0	3116.55646	1630.77605	3188.42171	1678.66962
20220523-4-SQUID	2	0	1283.99251	280.17738	1559.47598	251.44124
20220523-4-SQUID	3	0	1413.34997	186.78492	1760.69869	62.26164
20220523-4-SQUID	4	0	1449.28260	213.12639	1808.60886	62.26164
20220523-4-SQUID	5	0	2601.52215	675.29933	2642.24579	737.56098
20220523-4-SQUID	6	0	3105.62882	1117.84257	3174.08734	1575.02661
20220523-4-SQUID	6	1	2206.11541	1163.34146	2293.73799	1687.57650
20220523-5-SQUID	0	0	1796.63132	557.96009	1636.13225	608.24834
20220523-5-SQUID	1	0	3377.66687	668.11530	3392.03993	557.96009
20220523-5-SQUID	2	0	3701.06051	773.48115	3705.85153	550.77605
20220525-SQUID-1	0	0	1657.69183	653.74723	1633.73674	742.35033
20220525-SQUID-1	1	0	1331.90268	1542.17295	1331.90268	1477.51663
20220525-SQUID-1	2	0	3588.47162	593.88027	3612.42670	775.87583
20220525-SQUID-1	3	0	1159.42608	1733.74723	1176.19464	1745.72062
20220525-2-SQUID	0	0	1588.22208	433.43681	1626.55022	464.56763
20220525-2-SQUID	1	0	1939.46850	534.85809	2018.80724	852.47450
20220525-2-SQUID	1	1	2151.47099	569.58093	2212.84342	804.58093
20220525-2-SQUID	2	0	3178.83968	651.35255	3198.00374	536.40798
20220525-2-SQUID	3	0	3126.13849	1697.82705	3195.60823	1671.48559
20220525-2-SQUID	4	0	2941.68434	1922.92683	3030.31815	2143.23725
20220525-2-SQUID	5	0	2395.26388	451.39690	2415.92951	634.90687
20220525-2-SQUID	5	1	2652.78104	447.80488	2660.27137	551.09313
20220525-2-SQUID	6	0	2924.91578	569.93348	2915.33375	454.98891
20220525-2-SQUID	7	0	1046.83718	1913.34812	1080.37430	2080.97561
20220525-2-SQUID	8	0	3279.45103	1568.51441	3358.50281	1494.27938
20220525-3-NAKED	0	0	2938.43478	469.66887	2924.12422	534.03974
20220525-3-NAKED	1	0	3453.88845	1381.67598	368.01257	1339.44134
20220525-3-NAKED	2	0	2606.90683	2114.70199	2709.46584	2150.46358
20220525-3-NAKED	3	0	2838.26087	2119.47020	2931.27950	2145.69536
20220525-3-NAKED	4	0	3708.81988	1208.50331	3762.48447	1527.84106
20220525-3-NAKED	4	1	3328.39752	1284.79470	3378.48447	1571.94702
20220525-3-NAKED	5	0	87.05590	834.36424	338.68323	718.50331
20220525-3-NAKED	5	1	137.14286	804.56291	379.22981	699.43046
20220525-3-NAKED	6	0	3504.89441	270.59603	3481.04348	345.69536
20220525-3-NAKED	6	1	2924.12422	220.52980	2893.11801	396.95364
20220525-3-NAKED	7	0	2213.36646	472.05298	2210.98137	553.11258
20220525-3-NAKED	8	0	2666.53416	145.43046	2552.04969	100.13245
20220525-3-NAKED	9	0	2165.23364	377.94020	2126.95327	478.40532
20220525-3-NAKED	10	0	1037.51553	2117.08609	1080.44720	2155.23179
20220525-3-NAKED	11	0	2681.81988	203.84106	2587.27950	169.27152
20220525-3-NAKED	12	0	2117.13665	1470.30464	2189.98137	1486.93377
20220525-3-NAKED	12	1	2236.39130	1498.91391	2315.19876	1504.81457
20220525-3-NAKED	13	0	531.87578	1578.80795	546.18634	1605.69536
20220525-3-NAKED	13	1	415.00621	1570.46358	435.27950	1609.27152
20220525-3-SQUID	0	0	1561.87149	799.82262	1705.60200	778.27051
20220525-3-SQUID	1	0	1109.12040	136.49667	1406.16344	31.13082
20220525-3-SQUID	2	0	2594.24142	798.45898	2713.74049	972.77605
20220525-3-SQUID	2	1	2806.24392	729.01330	2871.84404	835.08204
20220525-3-SQUID	3	0	645.58952	1049.77827	770.15596	1026.34146
20220525-3-SQUID	3	1	604.86588	1033.01552	733.02558	1000.00000
20220525-3-SQUID	4	0	562.94448	1436.80710	560.54897	1400.88692
20220525-4-NAKED	0	0	141.15888	303.78738	421.08411	87.30897
20220525-4-NAKED	1	0	2901.15425	612.53731	2905.18363	503.73134
20220525-4-NAKED	2	0	1247.37267	937.81457	1329.90683	1002.84768
20220525-4-NAKED	2	1	1312.96273	953.31126	1387.14907	1038.60927
20220525-4-NAKED	3	0	2591.10280	1703.12292	2667.66355	1626.57807
20220525-4-NAKED	4	0	2727.47664	1676.81063	2801.64486	1595.48173
20220525-4-NAKED	5	0	2363.62733	977.48344	2506.73292	1075.23179
20220525-4-NAKED	6	0	3052.91925	1447.15232	3112.54658	1366.09272
20220525-4-NAKED	7	0	2233.39752	1175.31788	2278.78261	1230.01325
20220525-4-NAKED	7	1	2510.06832	1236.11258	2559.03106	1262.19868
20220525-4-NAKED	8	0	596.27329	150.19868	856.24845	11.92053
20220525-4-NAKED	9	0	3236.57143	2002.64901	3308.12422	2129.00662
20220525-4-NAKED	10	0	918.26087	1882.25166	956.42236	2045.56291
20220525-4-NAKED	10	1	862.21118	1885.82781	902.75776	2055.09934
20220525-4-NAKED	11	0	286.31579	1730.64588	352.48120	2054.16481
20220525-4-NAKED	12	0	2118.57764	2074.17219	2268.22360	2152.84768
20220525-4-NAKED	13	0	16.69565	421.98675	304.09938	246.75497
20220525-4-NAKED	13	1	108.52174	442.25166	384.00000	272.98013
20220525-4-NAKED	14	0	3407.10559	1376.57616	3466.73292	1475.61589
20220525-4-NAKED	14	1	3196.02484	1413.52980	3256.84472	1510.18543
20220525-4-NAKED	15	0	3064.82243	1552.42525	3124.63551	1605.04983
20220525-4-NAKED	16	0	2842.31776	1662.45847	2909.30841	1679.20266
20220525-5-NAKED	0	0	2657.54647	504.31718	2333.97770	352.07048
20220525-5-NAKED	1	0	691.15242	920.86784	835.09294	852.50661
20220525-5-NAKED	1	1	754.20074	933.95154	887.43494	871.53744
20220525-5-NAKED	2	0	2416.96654	1025.70485	2562.37918	1072.86344
20220525-5-NAKED	3	0	2521.65056	935.30837	2652.78810	1056.21145
20220525-5-NAKED	4	0	3138.14126	1955.41850	3211.89591	2155.24229
20220525-5-NAKED	5	0	792.26766	1679.47137	818.43866	1750.83700
20220525-5-NAKED	6	0	254.57249	1509.37445	266.46840	1538.40969
20220525-5-NAKED	7	0	635.24164	1498.66960	640.00000	1501.53744
20220525-5-NAKED	8	0	2210.26022	1327.40088	2279.25651	1477.26872
20220525-5-NAKED	9	0	38.06691	362.77533	324.75836	582.81938
20220525-5-NAKED	9	1	877.91822	23.78855	1099.18216	438.89868
20220525-5-NAKED	10	0	2407.73234	352.07048	2348.25279	392.51101
20220525-5-NAKED	11	0	2262.60223	463.87665	2241.18959	509.07489
20220525-5-NAKED	12	0	2545.72491	187.92952	2438.66171	190.30837
20220526-1-SQUID	0	0	3435.78947	1366.59218	392.14454	1354.52514
20220526-2-NAKED	0	0	3397.75960	394.26652	1435.46885	384.59127
20220526-2-NAKED	1	0	845.61447	1829.53437	883.94261	1932.50554
20220526-2-SQUID	0	0	302.20357	479.55224	463.37880	568.20896
20220526-3-NAKED	0	0	3722.35664	1233.85475	223.22074	1273.07263
20220526-3-NAKED	1	0	2479.44619	1618.18589	2544.69478	1555.29675
20220526-3-NAKED	2	0	2667.94210	1569.80963	2725.94084	1502.08287
20220526-3-NAKED	3	0	3291.42857	1171.72004	3366.34361	1215.60918
20220526-3-NAKED	3	1	3550.00629	1222.51512	3655.12901	1293.01120
20220526-3-NAKED	4	0	72.49843	1463.38186	84.58150	1627.86114
20220526-3-NAKED	5	0	241.66142	2048.73460	331.07615	2150.32475
20220526-3-NAKED	6	0	1571.64884	1466.65174	1576.73065	1391.16013
20220526-3-NAKED	7	0	2129.03713	1482.73236	2208.78540	1470.63830
20220526-3-NAKED	8	0	633.15293	1879.41769	688.73505	2034.22172
20220526-3-NAKED	9	0	613.82001	1937.46920	671.81875	2123.71781
20220526-3-NAKED	10	0	96.66457	607.12206	367.32536	396.68533
20220526-3-NAKED	11	0	3.62492	598.83987	297.24355	374.91601
20220526-3-NAKED	11	1	257.36941	532.32251	513.53052	318.07391
20220526-3-NAKED	12	0	2595.44368	1516.59574	2660.69226	1519.01456
20220526-3-NAKED	13	0	2701.77470	1584.32251	2769.43990	1593.99776
20220526-3-NAKED	14	0	2902.35368	1579.48488	2962.76904	1577.06607
20220526-3-NAKED	15	0	3069.10006	1550.45913	3131.93203	1538.36506
20220527-1-NAKED	0	0	3719.34014	1610.94972	337.84760	1616.98324
20220527-1-NAKED	1	0	1299.10448	434.86726	1564.17910	334.51327
20220527-1-NAKED	2	0	954.02985	696.02655	1139.80597	517.69912
20220527-1-NAKED	2	1	838.20896	703.19469	1035.92537	504.55752
20220527-1-NAKED	3	0	1182.44776	1861.32743	1217.44776	2022.61062
20220527-1-NAKED	3	1	1095.28358	1856.54867	1129.08955	2025.00000
20220527-1-NAKED	4	0	2334.20896	2073.98230	2460.89552	2154.02655
20220527-1-NAKED	5	0	2028.65672	923.38938	2180.29851	1072.83186
20220527-1-NAKED	6	0	279.40299	685.07080	499.10448	499.38053
20220527-1-NAKED	7	0	663.88060	649.23009	852.53731	518.49558
20220527-1-NAKED	8	0	908.65672	676.70796	1088.95522	516.10619
20220527-1-NAKED	9	0	2712.20896	620.92920	2757.40299	695.62832
20220527-1-NAKED	9	1	2946.23881	587.47788	2969.94030	612.00000
20220527-1-NAKED	10	0	1946.26866	2038.14159	2118.20896	2145.66372
20220527-1-NAKED	11	0	296.11940	1959.29204	377.31343	2143.27434
20220527-1-NAKED	12	0	305.67164	1990.35398	396.41791	2148.05310
20220527-1-NAKED	13	0	259.10448	1254.76106	250.74627	1507.97345
20220527-1-NAKED	14	0	339.10448	1303.74336	334.32836	1531.86726
20220527-1-NAKED	15	0	394.02985	1384.98230	408.35821	1619.07965
20220527-1-NAKED	16	0	397.61194	1343.16814	403.58209	1576.07080
20220527-1-NAKED	17	0	426.26866	1339.58407	428.65672	1561.73451
20220527-1-NAKED	18	0	445.37313	1333.61062	446.56716	1539.03540
20220527-1-NAKED	19	0	497.91045	1370.64602	499.10448	1537.84071
20220527-1-NAKED	20	0	514.62687	1341.97345	515.82090	1524.69912
20220527-1-NAKED	21	0	549.25373	1383.78761	558.80597	1555.76106
20220527-1-NAKED	22	0	592.23881	1427.99115	602.98507	1605.93805
20220527-1-NAKED	23	0	537.31343	1390.95575	550.44776	1576.07080
20220527-1-NAKED	24	0	2483.58209	1873.27434	2593.43284	2152.83186
20220527-1-NAKED	25	0	809.55224	1671.37168	842.98507	1929.42478
20220527-1-NAKED	25	1	760.59701	1625.97345	790.44776	1876.85841
20220527-1-NAKED	26	0	819.10448	1220.97345	797.61194	1247.25664
20220527-1-NAKED	27	0	554.02985	1316.54867	539.70149	1469.46903
20220527-1-NAKED	28	0	408.35821	1256.81416	396.41791	1438.40708
20220527-1-NAKED	29	0	539.14925	1344.44248	536.11940	1450.35398
20220527-1-NAKED	30	0	577.35821	1334.88496	580.29851	1436.01770
20220527-1-NAKED	31	0	654.97015	1330.10619	648.35821	1444.38053
20220527-1-NAKED	32	0	740.94030	1345.63717	737.91045	1419.29204
20220527-1-NAKED	33	0	787.50746	1357.58407	779.70149	1461.10619
20220527-1-NAKED	34	0	989.29851	1276.34513	974.32836	1316.54867
20220527-1-NAKED	35	0	909.29851	1350.41593	895.52239	1439.60177
20220527-1-NAKED	36	0	947.50746	1424.48673	945.67164	1465.88496
20220527-1-NAKED	37	0	896.16418	1388.64602	891.94030	1485.00000
20220527-1-NAKED	38	0	949.89552	1552.31858	957.61194	1617.61062
20220527-1-NAKED	39	0	869.89552	1444.79646	874.02985	1548.31858
20220527-1-NAKED	40	0	979.74627	1484.22124	980.29851	1525.61947
20220527-1-NAKED	41	0	1112.28358	1407.76106	1110.44776	1471.85841
20220527-1-NAKED	42	0	1145.71642	1503.33628	1148.65672	1571.01770
20220527-1-NAKED	43	0	1193.47761	1520.06195	1198.80597	1584.15929
20220527-1-NAKED	44	0	1199.44776	1647.89381	1211.94030	1665.39823
20220527-1-NAKED	45	0	1994.02985	1249.64602	2068.05970	1438.40708
20220527-1-NAKED	46	0	2292.53731	1194.69027	2333.13433	1373.89381
20220527-1-NAKED	47	0	2106.26866	1182.74336	2177.91045	1371.50442
20220527-1-NAKED	48	0	2063.28358	1113.45133	2125.37313	1283.09735
20220527-1-NAKED	49	0	2158.80597	1087.16814	2223.28358	1271.15044
20220527-1-NAKED	50	0	2299.70149	1084.77876	2359.40299	1280.70796
20220527-1-NAKED	51	0	2243.46269	1356.70796	2341.28358	1605.66372
20220527-1-NAKED	51	1	2119.28358	1414.05310	2224.26866	1659.42478
20220527-1-NAKED	52	0	2952.47761	1254.15929	3012.53731	1526.00000
20220527-1-NAKED	52	1	2773.37313	1312.69912	2837.01493	1574.98230
20220527-1-NAKED	53	0	692.53731	1225.22124	680.59701	1404.05310
20220527-1-NAKED	53	1	587.46269	1200.13274	569.55224	1384.93805
20220527-1-NAKED	54	0	2772.91045	1169.40708	2829.85075	1420.23894
20220527-1-NAKED	54	1	2611.71642	1204.05310	2674.62687	1454.88496
20220527-1-NAKED	55	0	1898.40299	1488.83186	1894.62687	1663.83186
20220527-1-NAKED	55	1	1798.10448	1436.26549	1802.68657	1617.23894
20220527-1-NAKED	56	0	1627.35821	1366.97345	1630.74627	1509.71681
20220527-1-NAKED	56	1	1531.83582	1313.21239	1532.83582	1470.29204
20220527-1-NAKED	57	0	1002.10526	813.47439	1122.26316	840.17595
20220527-1-NAKED	58	0	1277.61194	1256.81416	1272.83582	1187.52212
20220527-1-NAKED	59	0	830.46269	1241.49558	816.32836	1334.03540
20220527-1-NAKED	59	1	789.86567	1159.06195	767.37313	1246.82301
20220527-1-NAKED	60	0	1112.49624	1401.01114	1110.37594	1448.25390
20220527-1-NAKED	60	1	1047.53383	1312.01336	1036.99248	1362.86414
20220527-1-NAKED	61	0	972.38806	1443.12389	975.52239	1570.07965
20220527-1-NAKED	61	1	1092.98507	1401.30973	1094.92537	1513.92920
20220527-1-NAKED	62	0	544.47761	898.40708	699.70149	860.17699
20220527-1-NAKED	63	0	3173.73134	1053.71681	3290.74627	1068.05310
20220527-1-NAKED	64	0	2650.74627	1046.54867	2784.47761	1065.66372
20220527-1-NAKED	65	0	2648.35821	1015.48673	2784.47761	1072.83186
20220527-1-NAKED	66	0	2220.25373	1843.40708	2341.31343	2021.41593
20220527-1-NAKED	66	1	2158.16418	1874.46903	2287.58209	2059.64602
20220527-1-NAKED	67	0	2512.64179	1833.84956	2607.61194	1995.13274
